Number of slots: 320
Number of events: 159
Sparseness: 0.496875

Globalit: 1980
Fitness: -4	 Created: 3867
Time: 3868ms

Hard broken: 0
Time limit: 90000
Initialtemperature: 4.3
InitialIterations: 10
My value: -6.83E-4
Stuck limit: 2147483647
Desired fitness: -4

============ Room: D1 Capacity: 200 ============
[	0	][	134	][	0	][	0	][	141	]
[	142	][	0	][	0	][	0	][	0	]
[	51	][	116	][	0	][	60	][	89	]
[	0	][	36	][	88	][	0	][	147	]
============ Room: D2 Capacity: 50 ============
[	0	][	7	][	94	][	139	][	0	]
[	0	][	77	][	0	][	0	][	73	]
[	144	][	145	][	31	][	0	][	0	]
[	98	][	0	][	38	][	0	][	0	]
============ Room: D3 Capacity: 50 ============
[	61	][	0	][	136	][	75	][	117	]
[	0	][	95	][	0	][	27	][	132	]
[	122	][	0	][	69	][	32	][	0	]
[	99	][	0	][	0	][	6	][	25	]
============ Room: D45 Capacity: 40 ============
[	70	][	29	][	159	][	0	][	0	]
[	76	][	3	][	0	][	0	][	0	]
[	0	][	74	][	0	][	28	][	0	]
[	0	][	123	][	0	][	157	][	26	]
============ Room: D46 Capacity: 40 ============
[	30	][	0	][	0	][	0	][	119	]
[	0	][	0	][	96	][	0	][	0	]
[	0	][	146	][	0	][	0	][	0	]
[	131	][	0	][	130	][	63	][	0	]
============ Room: E1 Capacity: 350 ============
[	78	][	79	][	8	][	65	][	135	]
[	0	][	68	][	0	][	0	][	0	]
[	17	][	0	][	156	][	0	][	0	]
[	0	][	18	][	0	][	0	][	0	]
============ Room: E35 Capacity: 40 ============
[	0	][	0	][	90	][	92	][	62	]
[	0	][	97	][	0	][	137	][	5	]
[	121	][	0	][	4	][	0	][	0	]
[	0	][	0	][	0	][	118	][	0	]
============ Room: E36 Capacity: 40 ============
[	0	][	0	][	158	][	91	][	0	]
[	133	][	37	][	0	][	0	][	0	]
[	93	][	0	][	0	][	0	][	143	]
[	0	][	0	][	0	][	138	][	0	]
============ Room: F1 Capacity: 300 ============
[	2	][	0	][	0	][	0	][	0	]
[	0	][	42	][	1	][	0	][	120	]
[	0	][	0	][	71	][	129	][	64	]
[	24	][	0	][	140	][	72	][	128	]
============ Room: SPEL Capacity: 40 ============
[	102	][	67	][	87	][	0	][	0	]
[	103	][	0	][	0	][	15	][	0	]
[	82	][	40	][	0	][	0	][	19	]
[	35	][	16	][	84	][	52	][	106	]
============ Room: SPOR Capacity: 30 ============
[	105	][	0	][	23	][	0	][	48	]
[	0	][	0	][	43	][	0	][	110	]
[	0	][	0	][	114	][	0	][	0	]
[	47	][	108	][	86	][	54	][	107	]
============ Room: MUSI Capacity: 40 ============
[	0	][	57	][	49	][	0	][	34	]
[	46	][	0	][	153	][	39	][	0	]
[	0	][	101	][	0	][	0	][	0	]
[	85	][	111	][	0	][	0	][	53	]
============ Room: ROD Capacity: 30 ============
[	126	][	0	][	0	][	0	][	80	]
[	11	][	0	][	0	][	0	][	152	]
[	66	][	0	][	0	][	0	][	0	]
[	0	][	0	][	0	][	0	][	0	]
============ Room: ORA Capacity: 30 ============
[	0	][	0	][	20	][	44	][	115	]
[	149	][	0	][	0	][	0	][	0	]
[	155	][	55	][	113	][	0	][	151	]
[	50	][	9	][	13	][	100	][	0	]
============ Room: VIO Capacity: 40 ============
[	125	][	148	][	22	][	0	][	83	]
[	41	][	0	][	0	][	0	][	112	]
[	33	][	10	][	127	][	154	][	150	]
[	45	][	14	][	0	][	0	][	59	]
============ Room: GRA Capacity: 30 ============
[	0	][	0	][	81	][	0	][	109	]
[	104	][	21	][	124	][	0	][	0	]
[	12	][	58	][	0	][	56	][	0	]
[	0	][	0	][	0	][	0	][	0	]
