Number of slots: 320
Number of events: 159
Sparseness: 0.496875

Globalit: 5926
Fitness: -4	 Created: 11507
Time: 11507ms

Hard broken: 0
Time limit: 90000
Initialtemperature: 4.3
InitialIterations: 10
My value: -6.83E-4
Stuck limit: 2147483647
Desired fitness: -4

============ Room: D1 Capacity: 200 ============
[	0	][	0	][	0	][	0	][	116	]
[	141	][	120	][	0	][	79	][	0	]
[	156	][	142	][	0	][	0	][	0	]
[	0	][	78	][	0	][	0	][	0	]
============ Room: D2 Capacity: 50 ============
[	145	][	117	][	99	][	118	][	96	]
[	0	][	6	][	0	][	0	][	38	]
[	0	][	0	][	0	][	0	][	0	]
[	94	][	0	][	146	][	97	][	63	]
============ Room: D3 Capacity: 50 ============
[	30	][	139	][	121	][	27	][	0	]
[	131	][	3	][	0	][	0	][	5	]
[	0	][	136	][	0	][	0	][	0	]
[	0	][	0	][	76	][	0	][	0	]
============ Room: D45 Capacity: 40 ============
[	28	][	73	][	138	][	0	][	74	]
[	61	][	0	][	25	][	0	][	0	]
[	0	][	0	][	130	][	0	][	0	]
[	91	][	0	][	0	][	0	][	0	]
============ Room: D46 Capacity: 40 ============
[	132	][	29	][	0	][	69	][	0	]
[	92	][	157	][	0	][	159	][	0	]
[	0	][	0	][	0	][	119	][	75	]
[	0	][	0	][	0	][	0	][	137	]
============ Room: E1 Capacity: 350 ============
[	51	][	64	][	0	][	72	][	0	]
[	0	][	42	][	129	][	88	][	65	]
[	0	][	36	][	0	][	0	][	0	]
[	60	][	0	][	89	][	2	][	0	]
============ Room: E35 Capacity: 40 ============
[	0	][	7	][	0	][	62	][	0	]
[	90	][	0	][	0	][	0	][	0	]
[	122	][	0	][	70	][	0	][	0	]
[	0	][	0	][	0	][	144	][	0	]
============ Room: E36 Capacity: 40 ============
[	143	][	4	][	77	][	0	][	95	]
[	93	][	158	][	26	][	37	][	0	]
[	133	][	0	][	31	][	0	][	0	]
[	0	][	32	][	123	][	98	][	0	]
============ Room: F1 Capacity: 300 ============
[	8	][	0	][	140	][	0	][	147	]
[	68	][	0	][	0	][	1	][	134	]
[	17	][	0	][	0	][	0	][	18	]
[	0	][	128	][	135	][	24	][	71	]
============ Room: SPEL Capacity: 40 ============
[	151	][	0	][	34	][	45	][	0	]
[	82	][	103	][	39	][	0	][	0	]
[	0	][	111	][	115	][	16	][	0	]
[	0	][	15	][	41	][	0	][	56	]
============ Room: SPOR Capacity: 30 ============
[	106	][	0	][	150	][	0	][	0	]
[	50	][	0	][	0	][	0	][	57	]
[	0	][	66	][	11	][	109	][	114	]
[	0	][	110	][	0	][	46	][	20	]
============ Room: MUSI Capacity: 40 ============
[	0	][	149	][	0	][	0	][	0	]
[	0	][	100	][	14	][	0	][	0	]
[	58	][	59	][	83	][	0	][	10	]
[	0	][	0	][	0	][	0	][	112	]
============ Room: ROD Capacity: 30 ============
[	0	][	0	][	0	][	153	][	21	]
[	43	][	0	][	0	][	67	][	80	]
[	107	][	125	][	155	][	0	][	35	]
[	126	][	55	][	0	][	86	][	23	]
============ Room: ORA Capacity: 30 ============
[	127	][	0	][	0	][	101	][	0	]
[	84	][	33	][	124	][	47	][	0	]
[	0	][	0	][	0	][	0	][	0	]
[	85	][	108	][	0	][	0	][	0	]
============ Room: VIO Capacity: 40 ============
[	0	][	0	][	148	][	0	][	0	]
[	81	][	105	][	0	][	49	][	0	]
[	52	][	9	][	87	][	0	][	13	]
[	0	][	113	][	54	][	152	][	0	]
============ Room: GRA Capacity: 30 ============
[	104	][	0	][	0	][	0	][	0	]
[	0	][	102	][	44	][	0	][	19	]
[	40	][	0	][	154	][	48	][	0	]
[	22	][	12	][	53	][	0	][	0	]
