Number of slots: 320
Number of events: 159
Sparseness: 0.496875

Globalit: 2949
Fitness: -4	 Created: 5952
Time: 5952ms

Hard broken: 0
Time limit: 90000
Initialtemperature: 4.3
InitialIterations: 10
My value: -6.83E-4
Stuck limit: 2147483647
Desired fitness: -4

============ Room: D1 Capacity: 200 ============
[	64	][	140	][	18	][	0	][	0	]
[	0	][	0	][	0	][	0	][	0	]
[	135	][	134	][	0	][	0	][	0	]
[	0	][	0	][	0	][	60	][	0	]
============ Room: D2 Capacity: 50 ============
[	0	][	119	][	0	][	0	][	6	]
[	31	][	0	][	97	][	0	][	93	]
[	0	][	0	][	0	][	30	][	77	]
[	3	][	0	][	137	][	0	][	0	]
============ Room: D3 Capacity: 50 ============
[	0	][	26	][	0	][	0	][	29	]
[	0	][	0	][	0	][	0	][	25	]
[	38	][	0	][	0	][	0	][	63	]
[	28	][	0	][	94	][	32	][	0	]
============ Room: D45 Capacity: 40 ============
[	0	][	0	][	0	][	0	][	0	]
[	0	][	0	][	95	][	123	][	91	]
[	146	][	0	][	74	][	0	][	0	]
[	145	][	62	][	0	][	0	][	0	]
============ Room: D46 Capacity: 40 ============
[	27	][	5	][	130	][	0	][	0	]
[	138	][	0	][	98	][	0	][	118	]
[	90	][	143	][	0	][	0	][	117	]
[	0	][	0	][	0	][	0	][	159	]
============ Room: E1 Capacity: 350 ============
[	0	][	0	][	142	][	0	][	88	]
[	141	][	156	][	128	][	1	][	0	]
[	2	][	0	][	116	][	0	][	17	]
[	0	][	0	][	147	][	0	][	36	]
============ Room: E35 Capacity: 40 ============
[	133	][	136	][	0	][	76	][	132	]
[	75	][	131	][	0	][	122	][	69	]
[	0	][	0	][	4	][	0	][	70	]
[	158	][	61	][	121	][	0	][	0	]
============ Room: E36 Capacity: 40 ============
[	0	][	37	][	0	][	0	][	0	]
[	0	][	0	][	96	][	144	][	139	]
[	92	][	0	][	73	][	99	][	0	]
[	7	][	0	][	0	][	0	][	157	]
============ Room: F1 Capacity: 300 ============
[	0	][	0	][	0	][	129	][	65	]
[	120	][	71	][	68	][	89	][	42	]
[	24	][	78	][	0	][	79	][	0	]
[	51	][	0	][	8	][	0	][	72	]
============ Room: SPEL Capacity: 40 ============
[	85	][	0	][	125	][	111	][	0	]
[	52	][	40	][	55	][	0	][	0	]
[	57	][	0	][	151	][	152	][	48	]
[	0	][	66	][	0	][	50	][	0	]
============ Room: SPOR Capacity: 30 ============
[	102	][	83	][	35	][	67	][	45	]
[	155	][	59	][	84	][	0	][	0	]
[	0	][	0	][	33	][	54	][	0	]
[	0	][	87	][	19	][	113	][	0	]
============ Room: MUSI Capacity: 40 ============
[	148	][	53	][	0	][	0	][	46	]
[	0	][	0	][	12	][	0	][	11	]
[	0	][	0	][	0	][	0	][	43	]
[	0	][	82	][	0	][	0	][	47	]
============ Room: ROD Capacity: 30 ============
[	0	][	0	][	150	][	0	][	0	]
[	22	][	108	][	13	][	0	][	0	]
[	124	][	20	][	100	][	14	][	39	]
[	114	][	106	][	0	][	0	][	16	]
============ Room: ORA Capacity: 30 ============
[	103	][	0	][	44	][	10	][	0	]
[	23	][	9	][	56	][	21	][	0	]
[	58	][	154	][	149	][	0	][	104	]
[	110	][	86	][	0	][	0	][	107	]
============ Room: VIO Capacity: 40 ============
[	80	][	0	][	15	][	0	][	0	]
[	101	][	112	][	34	][	0	][	0	]
[	0	][	127	][	0	][	41	][	0	]
[	109	][	126	][	0	][	0	][	0	]
============ Room: GRA Capacity: 30 ============
[	105	][	0	][	0	][	153	][	0	]
[	0	][	0	][	0	][	0	][	81	]
[	0	][	0	][	49	][	0	][	0	]
[	115	][	0	][	0	][	0	][	0	]
