Number of slots: 320
Number of events: 159
Sparseness: 0.496875

Globalit: 1849
Fitness: -4	 Created: 3654
Time: 3654ms

Hard broken: 0
Time limit: 90000
Initialtemperature: 4.3
InitialIterations: 10
My value: -6.83E-4
Stuck limit: 2147483647
Desired fitness: -4

============ Room: D1 Capacity: 200 ============
[	128	][	142	][	0	][	60	][	78	]
[	140	][	0	][	8	][	24	][	0	]
[	0	][	0	][	79	][	0	][	0	]
[	0	][	0	][	120	][	0	][	0	]
============ Room: D2 Capacity: 50 ============
[	0	][	27	][	0	][	0	][	0	]
[	94	][	119	][	146	][	0	][	0	]
[	75	][	63	][	0	][	0	][	0	]
[	98	][	132	][	32	][	90	][	131	]
============ Room: D3 Capacity: 50 ============
[	0	][	31	][	0	][	99	][	159	]
[	0	][	0	][	0	][	0	][	123	]
[	0	][	7	][	0	][	0	][	122	]
[	96	][	69	][	74	][	0	][	26	]
============ Room: D45 Capacity: 40 ============
[	121	][	130	][	144	][	0	][	0	]
[	38	][	0	][	136	][	6	][	0	]
[	0	][	97	][	25	][	37	][	93	]
[	138	][	0	][	0	][	158	][	0	]
============ Room: D46 Capacity: 40 ============
[	0	][	133	][	3	][	0	][	0	]
[	0	][	61	][	0	][	0	][	0	]
[	0	][	62	][	143	][	0	][	92	]
[	0	][	5	][	29	][	70	][	0	]
============ Room: E1 Capacity: 350 ============
[	0	][	0	][	36	][	134	][	141	]
[	1	][	0	][	0	][	0	][	51	]
[	88	][	135	][	116	][	0	][	2	]
[	68	][	147	][	89	][	0	][	0	]
============ Room: E35 Capacity: 40 ============
[	0	][	0	][	0	][	73	][	0	]
[	0	][	0	][	0	][	0	][	145	]
[	0	][	0	][	0	][	0	][	0	]
[	137	][	0	][	76	][	157	][	0	]
============ Room: E36 Capacity: 40 ============
[	91	][	117	][	0	][	28	][	0	]
[	0	][	95	][	0	][	0	][	0	]
[	118	][	0	][	0	][	139	][	0	]
[	30	][	4	][	0	][	0	][	77	]
============ Room: F1 Capacity: 300 ============
[	156	][	0	][	0	][	0	][	42	]
[	0	][	0	][	17	][	0	][	0	]
[	0	][	0	][	129	][	18	][	0	]
[	64	][	71	][	0	][	72	][	65	]
============ Room: SPEL Capacity: 40 ============
[	0	][	14	][	58	][	45	][	41	]
[	0	][	48	][	109	][	35	][	0	]
[	13	][	80	][	0	][	0	][	0	]
[	44	][	0	][	0	][	0	][	0	]
============ Room: SPOR Capacity: 30 ============
[	52	][	0	][	0	][	0	][	125	]
[	67	][	0	][	155	][	112	][	0	]
[	0	][	0	][	152	][	0	][	87	]
[	85	][	0	][	148	][	0	][	0	]
============ Room: MUSI Capacity: 40 ============
[	0	][	107	][	82	][	153	][	0	]
[	56	][	0	][	115	][	54	][	111	]
[	0	][	81	][	0	][	102	][	21	]
[	0	][	57	][	0	][	0	][	33	]
============ Room: ROD Capacity: 30 ============
[	0	][	59	][	0	][	0	][	0	]
[	127	][	0	][	0	][	0	][	16	]
[	0	][	47	][	15	][	11	][	0	]
[	0	][	124	][	9	][	0	][	46	]
============ Room: ORA Capacity: 30 ============
[	53	][	100	][	104	][	0	][	113	]
[	86	][	0	][	84	][	149	][	39	]
[	150	][	0	][	66	][	101	][	43	]
[	0	][	19	][	12	][	0	][	105	]
============ Room: VIO Capacity: 40 ============
[	0	][	83	][	22	][	50	][	0	]
[	0	][	34	][	0	][	0	][	23	]
[	0	][	49	][	0	][	106	][	154	]
[	40	][	0	][	0	][	0	][	10	]
============ Room: GRA Capacity: 30 ============
[	0	][	0	][	103	][	0	][	0	]
[	0	][	20	][	0	][	55	][	108	]
[	151	][	0	][	114	][	126	][	0	]
[	0	][	110	][	0	][	0	][	0	]
