Number of slots: 320
Number of events: 159
Sparseness: 0.496875

Globalit: 506
Fitness: -4	 Created: 1031
Time: 1031ms

Hard broken: 0
Time limit: 90000
Initialtemperature: 4.3
InitialIterations: 10
My value: -6.83E-4
Stuck limit: 2147483647
Desired fitness: -4

============ Room: D1 Capacity: 200 ============
[	135	][	42	][	0	][	0	][	0	]
[	0	][	120	][	116	][	0	][	156	]
[	0	][	0	][	0	][	134	][	79	]
[	60	][	0	][	0	][	147	][	0	]
============ Room: D2 Capacity: 50 ============
[	0	][	74	][	26	][	144	][	62	]
[	0	][	0	][	0	][	130	][	145	]
[	0	][	7	][	158	][	0	][	0	]
[	0	][	0	][	0	][	0	][	0	]
============ Room: D3 Capacity: 50 ============
[	0	][	0	][	159	][	4	][	0	]
[	117	][	28	][	98	][	0	][	73	]
[	0	][	119	][	0	][	31	][	91	]
[	138	][	0	][	0	][	118	][	92	]
============ Room: D45 Capacity: 40 ============
[	0	][	77	][	99	][	123	][	0	]
[	0	][	133	][	29	][	0	][	136	]
[	75	][	0	][	0	][	90	][	0	]
[	0	][	70	][	122	][	0	][	0	]
============ Room: D46 Capacity: 40 ============
[	38	][	0	][	6	][	137	][	131	]
[	0	][	0	][	0	][	0	][	0	]
[	69	][	0	][	25	][	0	][	157	]
[	0	][	0	][	0	][	0	][	0	]
============ Room: E1 Capacity: 350 ============
[	51	][	17	][	0	][	18	][	0	]
[	8	][	68	][	78	][	71	][	89	]
[	0	][	129	][	64	][	0	][	0	]
[	142	][	72	][	0	][	0	][	0	]
============ Room: E35 Capacity: 40 ============
[	0	][	76	][	95	][	121	][	96	]
[	93	][	63	][	97	][	0	][	3	]
[	0	][	0	][	0	][	30	][	0	]
[	0	][	27	][	0	][	5	][	37	]
============ Room: E36 Capacity: 40 ============
[	0	][	32	][	0	][	0	][	0	]
[	94	][	0	][	0	][	0	][	61	]
[	0	][	143	][	0	][	0	][	139	]
[	0	][	0	][	132	][	146	][	0	]
============ Room: F1 Capacity: 300 ============
[	0	][	141	][	0	][	0	][	0	]
[	0	][	140	][	128	][	0	][	0	]
[	24	][	0	][	88	][	0	][	65	]
[	1	][	0	][	0	][	36	][	2	]
============ Room: SPEL Capacity: 40 ============
[	87	][	0	][	86	][	115	][	40	]
[	57	][	114	][	47	][	35	][	0	]
[	0	][	0	][	0	][	66	][	45	]
[	0	][	103	][	58	][	0	][	0	]
============ Room: SPOR Capacity: 30 ============
[	0	][	13	][	0	][	0	][	0	]
[	0	][	59	][	152	][	104	][	0	]
[	0	][	33	][	48	][	0	][	126	]
[	0	][	105	][	109	][	44	][	0	]
============ Room: MUSI Capacity: 40 ============
[	0	][	124	][	0	][	0	][	125	]
[	0	][	0	][	0	][	67	][	43	]
[	0	][	19	][	50	][	154	][	14	]
[	102	][	107	][	110	][	108	][	0	]
============ Room: ROD Capacity: 30 ============
[	155	][	0	][	0	][	0	][	127	]
[	0	][	83	][	0	][	52	][	22	]
[	12	][	0	][	0	][	81	][	0	]
[	82	][	150	][	0	][	0	][	80	]
============ Room: ORA Capacity: 30 ============
[	0	][	0	][	53	][	0	][	0	]
[	0	][	10	][	0	][	0	][	46	]
[	113	][	0	][	0	][	84	][	0	]
[	0	][	15	][	153	][	0	][	0	]
============ Room: VIO Capacity: 40 ============
[	0	][	148	][	0	][	0	][	0	]
[	55	][	0	][	41	][	151	][	0	]
[	11	][	101	][	0	][	0	][	0	]
[	149	][	0	][	21	][	49	][	0	]
============ Room: GRA Capacity: 30 ============
[	0	][	100	][	0	][	0	][	39	]
[	0	][	111	][	0	][	54	][	23	]
[	16	][	0	][	34	][	9	][	20	]
[	106	][	56	][	0	][	112	][	85	]
