Number of slots: 320
Number of events: 159
Sparseness: 0.496875

Globalit: 1204
Fitness: -4	 Created: 2415
Time: 2416ms

Hard broken: 0
Time limit: 90000
Initialtemperature: 4.3
InitialIterations: 10
My value: -6.83E-4
Stuck limit: 2147483647
Desired fitness: -4

============ Room: D1 Capacity: 200 ============
[	18	][	120	][	0	][	0	][	0	]
[	140	][	8	][	116	][	156	][	0	]
[	72	][	1	][	0	][	0	][	0	]
[	0	][	128	][	24	][	71	][	0	]
============ Room: D2 Capacity: 50 ============
[	0	][	0	][	4	][	0	][	143	]
[	96	][	0	][	0	][	0	][	123	]
[	0	][	26	][	0	][	0	][	0	]
[	0	][	0	][	37	][	38	][	0	]
============ Room: D3 Capacity: 50 ============
[	91	][	0	][	0	][	132	][	30	]
[	0	][	133	][	0	][	121	][	77	]
[	0	][	0	][	0	][	0	][	0	]
[	6	][	63	][	0	][	0	][	0	]
============ Room: D45 Capacity: 40 ============
[	92	][	32	][	0	][	61	][	0	]
[	98	][	0	][	0	][	0	][	75	]
[	0	][	0	][	136	][	139	][	76	]
[	0	][	73	][	0	][	0	][	119	]
============ Room: D46 Capacity: 40 ============
[	137	][	0	][	7	][	90	][	69	]
[	0	][	0	][	97	][	5	][	158	]
[	0	][	0	][	0	][	0	][	74	]
[	27	][	0	][	93	][	117	][	118	]
============ Room: E1 Capacity: 350 ============
[	0	][	0	][	78	][	0	][	0	]
[	79	][	142	][	0	][	0	][	0	]
[	0	][	42	][	17	][	89	][	0	]
[	0	][	0	][	0	][	0	][	68	]
============ Room: E35 Capacity: 40 ============
[	31	][	3	][	0	][	131	][	0	]
[	122	][	0	][	0	][	146	][	0	]
[	25	][	0	][	0	][	0	][	145	]
[	138	][	95	][	0	][	0	][	28	]
============ Room: E36 Capacity: 40 ============
[	0	][	159	][	0	][	94	][	0	]
[	0	][	0	][	130	][	29	][	0	]
[	0	][	70	][	157	][	0	][	144	]
[	99	][	0	][	62	][	0	][	0	]
============ Room: F1 Capacity: 300 ============
[	0	][	0	][	134	][	51	][	64	]
[	60	][	65	][	141	][	36	][	88	]
[	0	][	147	][	0	][	0	][	2	]
[	0	][	0	][	129	][	0	][	135	]
============ Room: SPEL Capacity: 40 ============
[	0	][	59	][	0	][	16	][	58	]
[	0	][	47	][	0	][	0	][	35	]
[	149	][	0	][	84	][	0	][	56	]
[	39	][	0	][	66	][	0	][	49	]
============ Room: SPOR Capacity: 30 ============
[	67	][	0	][	107	][	0	][	124	]
[	0	][	103	][	52	][	0	][	0	]
[	10	][	83	][	0	][	0	][	109	]
[	53	][	0	][	81	][	0	][	41	]
============ Room: MUSI Capacity: 40 ============
[	43	][	57	][	0	][	0	][	80	]
[	0	][	0	][	14	][	0	][	15	]
[	112	][	106	][	0	][	154	][	0	]
[	82	][	48	][	45	][	0	][	0	]
============ Room: ROD Capacity: 30 ============
[	126	][	23	][	46	][	0	][	152	]
[	0	][	155	][	0	][	114	][	0	]
[	0	][	86	][	54	][	0	][	108	]
[	125	][	0	][	0	][	0	][	0	]
============ Room: ORA Capacity: 30 ============
[	0	][	87	][	19	][	0	][	113	]
[	0	][	21	][	0	][	44	][	34	]
[	110	][	0	][	0	][	0	][	0	]
[	151	][	0	][	11	][	101	][	0	]
============ Room: VIO Capacity: 40 ============
[	127	][	0	][	104	][	0	][	0	]
[	0	][	22	][	0	][	115	][	13	]
[	148	][	0	][	85	][	33	][	0	]
[	55	][	0	][	150	][	153	][	12	]
============ Room: GRA Capacity: 30 ============
[	50	][	105	][	40	][	0	][	0	]
[	0	][	0	][	0	][	0	][	0	]
[	111	][	0	][	0	][	0	][	0	]
[	0	][	20	][	9	][	102	][	100	]
