Number of slots: 320
Number of events: 159
Sparseness: 0.496875

Globalit: 4188
Fitness: -4	 Created: 8517
Time: 8518ms

Hard broken: 0
Time limit: 90000
Initialtemperature: 4.3
InitialIterations: 10
My value: -6.83E-4
Stuck limit: 2147483647
Desired fitness: -4

============ Room: D1 Capacity: 200 ============
[	0	][	0	][	8	][	0	][	0	]
[	24	][	0	][	1	][	0	][	68	]
[	64	][	36	][	0	][	120	][	0	]
[	0	][	147	][	0	][	0	][	0	]
============ Room: D2 Capacity: 50 ============
[	3	][	91	][	0	][	0	][	145	]
[	0	][	98	][	0	][	0	][	0	]
[	0	][	62	][	6	][	0	][	0	]
[	0	][	77	][	130	][	0	][	0	]
============ Room: D3 Capacity: 50 ============
[	0	][	0	][	159	][	73	][	0	]
[	131	][	0	][	92	][	0	][	0	]
[	0	][	0	][	0	][	61	][	157	]
[	0	][	122	][	32	][	63	][	0	]
============ Room: D45 Capacity: 40 ============
[	97	][	117	][	0	][	123	][	143	]
[	0	][	31	][	0	][	0	][	93	]
[	0	][	133	][	26	][	0	][	0	]
[	0	][	0	][	0	][	4	][	137	]
============ Room: D46 Capacity: 40 ============
[	0	][	27	][	0	][	0	][	38	]
[	76	][	69	][	74	][	0	][	0	]
[	30	][	29	][	0	][	0	][	94	]
[	28	][	75	][	0	][	121	][	139	]
============ Room: E1 Capacity: 350 ============
[	0	][	0	][	129	][	0	][	0	]
[	0	][	0	][	141	][	17	][	116	]
[	2	][	0	][	60	][	71	][	0	]
[	0	][	128	][	79	][	78	][	72	]
============ Room: E35 Capacity: 40 ============
[	0	][	119	][	0	][	0	][	0	]
[	0	][	96	][	0	][	37	][	0	]
[	0	][	0	][	118	][	158	][	0	]
[	5	][	0	][	0	][	95	][	0	]
============ Room: E36 Capacity: 40 ============
[	99	][	0	][	0	][	138	][	146	]
[	0	][	0	][	90	][	0	][	0	]
[	144	][	7	][	136	][	0	][	132	]
[	0	][	25	][	70	][	0	][	0	]
============ Room: F1 Capacity: 300 ============
[	0	][	0	][	51	][	65	][	0	]
[	140	][	135	][	134	][	0	][	0	]
[	88	][	156	][	0	][	0	][	18	]
[	0	][	89	][	0	][	42	][	142	]
============ Room: SPEL Capacity: 40 ============
[	0	][	49	][	109	][	0	][	105	]
[	103	][	83	][	124	][	82	][	0	]
[	56	][	87	][	0	][	50	][	12	]
[	45	][	0	][	46	][	21	][	111	]
============ Room: SPOR Capacity: 30 ============
[	151	][	0	][	23	][	0	][	152	]
[	0	][	153	][	0	][	0	][	148	]
[	154	][	114	][	108	][	102	][	11	]
[	43	][	0	][	104	][	33	][	0	]
============ Room: MUSI Capacity: 40 ============
[	0	][	81	][	41	][	40	][	22	]
[	59	][	0	][	0	][	150	][	0	]
[	0	][	57	][	112	][	106	][	0	]
[	0	][	66	][	107	][	0	][	0	]
============ Room: ROD Capacity: 30 ============
[	127	][	0	][	0	][	0	][	100	]
[	0	][	0	][	0	][	10	][	0	]
[	34	][	126	][	0	][	0	][	0	]
[	0	][	44	][	0	][	0	][	0	]
============ Room: ORA Capacity: 30 ============
[	58	][	13	][	0	][	115	][	16	]
[	0	][	15	][	19	][	14	][	0	]
[	0	][	0	][	85	][	35	][	86	]
[	113	][	39	][	0	][	0	][	0	]
============ Room: VIO Capacity: 40 ============
[	125	][	0	][	0	][	0	][	0	]
[	155	][	0	][	54	][	0	][	0	]
[	52	][	84	][	0	][	0	][	0	]
[	110	][	67	][	47	][	0	][	0	]
============ Room: GRA Capacity: 30 ============
[	0	][	0	][	0	][	48	][	9	]
[	101	][	0	][	0	][	0	][	55	]
[	53	][	0	][	80	][	20	][	0	]
[	149	][	0	][	0	][	0	][	0	]
