Number of slots: 320
Number of events: 159
Sparseness: 0.496875

Globalit: 2872
Fitness: -4	 Created: 5791
Time: 5791ms

Hard broken: 0
Time limit: 90000
Initialtemperature: 4.3
InitialIterations: 10
My value: -6.83E-4
Stuck limit: 2147483647
Desired fitness: -4

============ Room: D1 Capacity: 200 ============
[	1	][	71	][	0	][	0	][	120	]
[	129	][	42	][	65	][	79	][	60	]
[	0	][	128	][	0	][	0	][	0	]
[	36	][	0	][	24	][	0	][	0	]
============ Room: D2 Capacity: 50 ============
[	0	][	69	][	0	][	0	][	5	]
[	37	][	0	][	0	][	91	][	0	]
[	62	][	0	][	0	][	63	][	0	]
[	0	][	0	][	7	][	95	][	0	]
============ Room: D3 Capacity: 50 ============
[	0	][	157	][	137	][	74	][	0	]
[	0	][	0	][	0	][	138	][	0	]
[	0	][	0	][	0	][	0	][	97	]
[	0	][	3	][	133	][	0	][	0	]
============ Room: D45 Capacity: 40 ============
[	0	][	0	][	0	][	0	][	0	]
[	93	][	0	][	130	][	0	][	70	]
[	136	][	0	][	0	][	145	][	0	]
[	73	][	26	][	4	][	38	][	77	]
============ Room: D46 Capacity: 40 ============
[	0	][	0	][	96	][	31	][	0	]
[	0	][	75	][	0	][	0	][	0	]
[	0	][	94	][	139	][	131	][	25	]
[	98	][	144	][	0	][	0	][	0	]
============ Room: E1 Capacity: 350 ============
[	0	][	0	][	68	][	142	][	134	]
[	0	][	8	][	78	][	0	][	88	]
[	0	][	141	][	89	][	0	][	0	]
[	135	][	0	][	0	][	0	][	0	]
============ Room: E35 Capacity: 40 ============
[	28	][	0	][	118	][	132	][	6	]
[	30	][	76	][	0	][	143	][	27	]
[	32	][	0	][	146	][	99	][	0	]
[	29	][	0	][	0	][	0	][	0	]
============ Room: E36 Capacity: 40 ============
[	90	][	158	][	119	][	92	][	0	]
[	0	][	122	][	61	][	123	][	0	]
[	0	][	0	][	0	][	159	][	0	]
[	121	][	117	][	0	][	0	][	0	]
============ Room: F1 Capacity: 300 ============
[	0	][	64	][	72	][	0	][	140	]
[	0	][	0	][	0	][	17	][	0	]
[	116	][	0	][	18	][	0	][	0	]
[	0	][	156	][	147	][	51	][	2	]
============ Room: SPEL Capacity: 40 ============
[	82	][	0	][	0	][	0	][	58	]
[	0	][	33	][	50	][	153	][	0	]
[	112	][	0	][	125	][	0	][	39	]
[	0	][	110	][	109	][	0	][	106	]
============ Room: SPOR Capacity: 30 ============
[	0	][	105	][	22	][	0	][	54	]
[	0	][	0	][	0	][	67	][	0	]
[	44	][	59	][	0	][	85	][	9	]
[	47	][	0	][	111	][	80	][	0	]
============ Room: MUSI Capacity: 40 ============
[	0	][	12	][	0	][	0	][	101	]
[	126	][	0	][	35	][	0	][	0	]
[	66	][	148	][	0	][	0	][	84	]
[	48	][	0	][	0	][	83	][	104	]
============ Room: ROD Capacity: 30 ============
[	46	][	0	][	0	][	20	][	0	]
[	16	][	108	][	0	][	56	][	0	]
[	45	][	0	][	10	][	0	][	87	]
[	0	][	81	][	86	][	0	][	21	]
============ Room: ORA Capacity: 30 ============
[	34	][	0	][	0	][	0	][	103	]
[	11	][	113	][	0	][	0	][	0	]
[	149	][	0	][	0	][	52	][	0	]
[	0	][	53	][	115	][	0	][	49	]
============ Room: VIO Capacity: 40 ============
[	0	][	107	][	0	][	0	][	100	]
[	150	][	154	][	0	][	0	][	13	]
[	0	][	0	][	41	][	0	][	0	]
[	15	][	0	][	0	][	14	][	151	]
============ Room: GRA Capacity: 30 ============
[	124	][	23	][	0	][	55	][	102	]
[	0	][	155	][	43	][	0	][	152	]
[	19	][	0	][	0	][	0	][	40	]
[	0	][	57	][	114	][	127	][	0	]
