Number of slots: 320
Number of events: 159
Sparseness: 0.496875

Globalit: 4310
Fitness: -4	 Created: 8695
Time: 8695ms

Hard broken: 0
Time limit: 90000
Initialtemperature: 4.3
InitialIterations: 10
My value: -6.83E-4
Stuck limit: 2147483647
Desired fitness: -4

============ Room: D1 Capacity: 200 ============
[	0	][	0	][	0	][	0	][	0	]
[	0	][	68	][	0	][	0	][	24	]
[	147	][	120	][	156	][	0	][	0	]
[	60	][	0	][	0	][	17	][	18	]
============ Room: D2 Capacity: 50 ============
[	70	][	0	][	96	][	0	][	0	]
[	0	][	61	][	144	][	133	][	0	]
[	4	][	0	][	99	][	95	][	136	]
[	94	][	0	][	0	][	32	][	0	]
============ Room: D3 Capacity: 50 ============
[	0	][	0	][	37	][	69	][	0	]
[	63	][	0	][	38	][	159	][	0	]
[	0	][	139	][	0	][	123	][	0	]
[	77	][	0	][	5	][	31	][	75	]
============ Room: D45 Capacity: 40 ============
[	132	][	0	][	0	][	91	][	0	]
[	0	][	0	][	0	][	0	][	157	]
[	93	][	0	][	118	][	0	][	62	]
[	0	][	143	][	0	][	0	][	0	]
============ Room: D46 Capacity: 40 ============
[	0	][	0	][	0	][	0	][	0	]
[	25	][	0	][	0	][	90	][	145	]
[	119	][	0	][	117	][	0	][	26	]
[	0	][	130	][	6	][	0	][	74	]
============ Room: E1 Capacity: 350 ============
[	2	][	78	][	135	][	0	][	0	]
[	51	][	0	][	79	][	0	][	134	]
[	0	][	0	][	0	][	0	][	36	]
[	1	][	0	][	42	][	0	][	0	]
============ Room: E35 Capacity: 40 ============
[	121	][	146	][	0	][	92	][	0	]
[	0	][	0	][	0	][	158	][	0	]
[	0	][	0	][	97	][	0	][	3	]
[	0	][	27	][	73	][	0	][	0	]
============ Room: E36 Capacity: 40 ============
[	0	][	0	][	28	][	7	][	29	]
[	138	][	122	][	30	][	0	][	0	]
[	137	][	98	][	0	][	0	][	0	]
[	0	][	131	][	76	][	0	][	0	]
============ Room: F1 Capacity: 300 ============
[	141	][	64	][	0	][	0	][	129	]
[	65	][	0	][	89	][	0	][	71	]
[	142	][	0	][	8	][	0	][	140	]
[	0	][	72	][	128	][	88	][	116	]
============ Room: SPEL Capacity: 40 ============
[	80	][	12	][	151	][	0	][	114	]
[	0	][	23	][	0	][	0	][	105	]
[	0	][	0	][	0	][	0	][	0	]
[	0	][	107	][	34	][	153	][	16	]
============ Room: SPOR Capacity: 30 ============
[	0	][	0	][	0	][	57	][	81	]
[	0	][	33	][	0	][	45	][	9	]
[	41	][	0	][	86	][	20	][	0	]
[	49	][	0	][	103	][	0	][	0	]
============ Room: MUSI Capacity: 40 ============
[	87	][	0	][	0	][	0	][	112	]
[	154	][	0	][	0	][	0	][	39	]
[	66	][	83	][	55	][	148	][	0	]
[	0	][	43	][	102	][	0	][	15	]
============ Room: ROD Capacity: 30 ============
[	54	][	40	][	50	][	0	][	0	]
[	109	][	108	][	44	][	127	][	106	]
[	82	][	0	][	59	][	0	][	115	]
[	124	][	0	][	0	][	0	][	152	]
============ Room: ORA Capacity: 30 ============
[	111	][	0	][	0	][	85	][	84	]
[	0	][	46	][	0	][	0	][	0	]
[	0	][	0	][	0	][	150	][	0	]
[	0	][	48	][	0	][	58	][	0	]
============ Room: VIO Capacity: 40 ============
[	0	][	100	][	0	][	0	][	110	]
[	0	][	13	][	10	][	14	][	47	]
[	19	][	155	][	0	][	53	][	126	]
[	0	][	125	][	104	][	0	][	113	]
============ Room: GRA Capacity: 30 ============
[	0	][	0	][	0	][	21	][	67	]
[	0	][	0	][	0	][	0	][	11	]
[	0	][	35	][	22	][	149	][	56	]
[	0	][	101	][	0	][	0	][	52	]
