Number of slots: 320
Number of events: 159
Sparseness: 0.496875

Globalit: 6687
Fitness: -4	 Created: 13017
Time: 13018ms

Hard broken: 0
Time limit: 90000
Initialtemperature: 4.3
InitialIterations: 10
My value: -6.83E-4
Stuck limit: 2147483647
Desired fitness: -4

============ Room: D1 Capacity: 200 ============
[	134	][	0	][	0	][	0	][	0	]
[	0	][	42	][	116	][	17	][	65	]
[	18	][	120	][	0	][	0	][	0	]
[	0	][	0	][	0	][	156	][	0	]
============ Room: D2 Capacity: 50 ============
[	0	][	0	][	123	][	92	][	0	]
[	0	][	90	][	0	][	93	][	29	]
[	137	][	0	][	0	][	70	][	5	]
[	0	][	0	][	138	][	0	][	0	]
============ Room: D3 Capacity: 50 ============
[	0	][	144	][	77	][	0	][	158	]
[	25	][	0	][	6	][	4	][	157	]
[	0	][	136	][	118	][	0	][	97	]
[	0	][	0	][	30	][	0	][	0	]
============ Room: D45 Capacity: 40 ============
[	0	][	0	][	0	][	130	][	26	]
[	37	][	0	][	0	][	61	][	0	]
[	0	][	0	][	0	][	0	][	63	]
[	131	][	0	][	0	][	0	][	62	]
============ Room: D46 Capacity: 40 ============
[	0	][	32	][	132	][	0	][	38	]
[	99	][	94	][	3	][	119	][	133	]
[	122	][	0	][	139	][	0	][	0	]
[	31	][	0	][	121	][	0	][	0	]
============ Room: E1 Capacity: 350 ============
[	0	][	51	][	0	][	68	][	8	]
[	2	][	71	][	0	][	0	][	72	]
[	0	][	0	][	36	][	147	][	0	]
[	0	][	64	][	60	][	128	][	0	]
============ Room: E35 Capacity: 40 ============
[	0	][	0	][	0	][	0	][	117	]
[	0	][	91	][	75	][	69	][	0	]
[	74	][	0	][	146	][	73	][	95	]
[	0	][	0	][	98	][	0	][	76	]
============ Room: E36 Capacity: 40 ============
[	0	][	0	][	0	][	143	][	159	]
[	0	][	145	][	96	][	0	][	28	]
[	0	][	0	][	0	][	0	][	0	]
[	7	][	0	][	0	][	0	][	27	]
============ Room: F1 Capacity: 300 ============
[	0	][	79	][	0	][	0	][	88	]
[	78	][	135	][	0	][	0	][	140	]
[	0	][	24	][	1	][	141	][	142	]
[	89	][	129	][	0	][	0	][	0	]
============ Room: SPEL Capacity: 40 ============
[	87	][	0	][	105	][	49	][	0	]
[	0	][	0	][	150	][	33	][	112	]
[	0	][	113	][	0	][	0	][	47	]
[	21	][	115	][	80	][	106	][	0	]
============ Room: SPOR Capacity: 30 ============
[	0	][	13	][	20	][	45	][	56	]
[	155	][	14	][	149	][	0	][	127	]
[	0	][	0	][	0	][	19	][	0	]
[	43	][	0	][	0	][	46	][	67	]
============ Room: MUSI Capacity: 40 ============
[	107	][	0	][	102	][	0	][	52	]
[	124	][	39	][	0	][	44	][	15	]
[	154	][	54	][	148	][	111	][	153	]
[	0	][	110	][	0	][	35	][	0	]
============ Room: ROD Capacity: 30 ============
[	55	][	151	][	0	][	16	][	0	]
[	0	][	0	][	48	][	0	][	59	]
[	9	][	57	][	22	][	0	][	82	]
[	83	][	41	][	0	][	103	][	126	]
============ Room: ORA Capacity: 30 ============
[	66	][	0	][	0	][	152	][	85	]
[	53	][	0	][	0	][	81	][	34	]
[	114	][	0	][	0	][	0	][	0	]
[	0	][	12	][	10	][	125	][	0	]
============ Room: VIO Capacity: 40 ============
[	0	][	0	][	0	][	40	][	0	]
[	0	][	0	][	0	][	0	][	0	]
[	0	][	0	][	0	][	108	][	0	]
[	0	][	11	][	86	][	0	][	0	]
============ Room: GRA Capacity: 30 ============
[	101	][	104	][	0	][	23	][	58	]
[	0	][	0	][	0	][	0	][	0	]
[	0	][	84	][	109	][	50	][	0	]
[	0	][	0	][	0	][	100	][	0	]
