Number of slots: 320
Number of events: 159
Sparseness: 0.496875

Globalit: 2198
Fitness: -4	 Created: 4360
Time: 4361ms

Hard broken: 0
Time limit: 90000
Initialtemperature: 4.3
InitialIterations: 10
My value: -6.83E-4
Stuck limit: 2147483647
Desired fitness: -4

============ Room: D1 Capacity: 200 ============
[	129	][	120	][	89	][	0	][	0	]
[	141	][	0	][	0	][	0	][	68	]
[	0	][	142	][	0	][	17	][	88	]
[	42	][	0	][	0	][	156	][	0	]
============ Room: D2 Capacity: 50 ============
[	0	][	0	][	0	][	29	][	37	]
[	0	][	31	][	0	][	73	][	133	]
[	122	][	0	][	94	][	0	][	6	]
[	95	][	0	][	75	][	76	][	0	]
============ Room: D3 Capacity: 50 ============
[	0	][	0	][	0	][	0	][	0	]
[	0	][	0	][	0	][	123	][	0	]
[	0	][	98	][	91	][	117	][	0	]
[	0	][	3	][	0	][	0	][	0	]
============ Room: D45 Capacity: 40 ============
[	119	][	62	][	30	][	0	][	99	]
[	0	][	0	][	0	][	0	][	131	]
[	145	][	97	][	0	][	0	][	61	]
[	0	][	0	][	7	][	70	][	4	]
============ Room: D46 Capacity: 40 ============
[	0	][	63	][	139	][	0	][	0	]
[	0	][	0	][	0	][	26	][	0	]
[	0	][	0	][	93	][	0	][	0	]
[	0	][	25	][	136	][	74	][	138	]
============ Room: E1 Capacity: 350 ============
[	24	][	0	][	0	][	79	][	0	]
[	0	][	2	][	147	][	128	][	0	]
[	0	][	18	][	78	][	36	][	72	]
[	0	][	0	][	0	][	0	][	0	]
============ Room: E35 Capacity: 40 ============
[	0	][	0	][	143	][	0	][	0	]
[	0	][	0	][	92	][	0	][	0	]
[	5	][	77	][	0	][	69	][	130	]
[	0	][	121	][	0	][	144	][	0	]
============ Room: E36 Capacity: 40 ============
[	0	][	146	][	0	][	159	][	0	]
[	90	][	32	][	27	][	158	][	0	]
[	0	][	38	][	28	][	132	][	0	]
[	96	][	157	][	118	][	137	][	0	]
============ Room: F1 Capacity: 300 ============
[	0	][	134	][	51	][	140	][	0	]
[	135	][	0	][	71	][	0	][	8	]
[	0	][	60	][	0	][	0	][	116	]
[	1	][	64	][	65	][	0	][	0	]
============ Room: SPEL Capacity: 40 ============
[	41	][	43	][	66	][	13	][	0	]
[	154	][	113	][	124	][	0	][	80	]
[	148	][	0	][	15	][	108	][	0	]
[	0	][	0	][	114	][	0	][	0	]
============ Room: SPOR Capacity: 30 ============
[	0	][	0	][	11	][	12	][	0	]
[	0	][	0	][	0	][	106	][	0	]
[	151	][	0	][	56	][	83	][	0	]
[	85	][	0	][	0	][	10	][	48	]
============ Room: MUSI Capacity: 40 ============
[	100	][	0	][	87	][	55	][	45	]
[	0	][	22	][	67	][	0	][	150	]
[	39	][	0	][	0	][	0	][	52	]
[	0	][	0	][	0	][	20	][	107	]
============ Room: ROD Capacity: 30 ============
[	54	][	103	][	0	][	0	][	0	]
[	0	][	112	][	50	][	0	][	105	]
[	0	][	0	][	58	][	0	][	0	]
[	155	][	0	][	152	][	111	][	0	]
============ Room: ORA Capacity: 30 ============
[	0	][	0	][	0	][	0	][	0	]
[	0	][	49	][	0	][	59	][	126	]
[	149	][	53	][	57	][	0	][	23	]
[	21	][	0	][	34	][	0	][	0	]
============ Room: VIO Capacity: 40 ============
[	0	][	102	][	0	][	101	][	0	]
[	86	][	44	][	125	][	0	][	19	]
[	0	][	16	][	0	][	82	][	0	]
[	33	][	0	][	110	][	115	][	81	]
============ Room: GRA Capacity: 30 ============
[	84	][	0	][	35	][	104	][	0	]
[	127	][	0	][	9	][	0	][	0	]
[	109	][	14	][	0	][	0	][	153	]
[	0	][	47	][	0	][	40	][	46	]
