Number of slots: 320
Number of events: 159
Sparseness: 0.496875

Globalit: 1879
Fitness: -4	 Created: 3819
Time: 3819ms

Hard broken: 0
Time limit: 90000
Initialtemperature: 4.3
InitialIterations: 10
My value: -6.83E-4
Stuck limit: 2147483647
Desired fitness: -4

============ Room: D1 Capacity: 200 ============
[	0	][	0	][	72	][	71	][	116	]
[	0	][	128	][	147	][	0	][	156	]
[	64	][	0	][	0	][	0	][	17	]
[	0	][	36	][	60	][	129	][	0	]
============ Room: D2 Capacity: 50 ============
[	0	][	29	][	0	][	63	][	38	]
[	0	][	0	][	0	][	91	][	0	]
[	77	][	139	][	0	][	136	][	5	]
[	0	][	0	][	70	][	0	][	31	]
============ Room: D3 Capacity: 50 ============
[	73	][	4	][	0	][	0	][	137	]
[	0	][	0	][	0	][	138	][	0	]
[	74	][	97	][	0	][	144	][	146	]
[	0	][	0	][	159	][	0	][	157	]
============ Room: D45 Capacity: 40 ============
[	76	][	0	][	0	][	32	][	30	]
[	0	][	0	][	0	][	0	][	117	]
[	0	][	122	][	0	][	143	][	0	]
[	0	][	95	][	0	][	0	][	27	]
============ Room: D46 Capacity: 40 ============
[	69	][	0	][	158	][	131	][	0	]
[	0	][	118	][	99	][	0	][	25	]
[	123	][	98	][	93	][	0	][	132	]
[	0	][	96	][	0	][	0	][	133	]
============ Room: E1 Capacity: 350 ============
[	42	][	135	][	51	][	0	][	79	]
[	78	][	0	][	134	][	0	][	0	]
[	0	][	0	][	0	][	0	][	88	]
[	0	][	0	][	0	][	89	][	0	]
============ Room: E35 Capacity: 40 ============
[	0	][	145	][	0	][	26	][	0	]
[	0	][	0	][	0	][	6	][	75	]
[	130	][	7	][	0	][	92	][	0	]
[	0	][	0	][	90	][	0	][	3	]
============ Room: E36 Capacity: 40 ============
[	0	][	0	][	0	][	62	][	0	]
[	0	][	119	][	0	][	37	][	0	]
[	0	][	28	][	0	][	0	][	121	]
[	0	][	61	][	94	][	0	][	0	]
============ Room: F1 Capacity: 300 ============
[	8	][	0	][	120	][	68	][	0	]
[	0	][	141	][	18	][	0	][	1	]
[	0	][	0	][	24	][	0	][	0	]
[	2	][	140	][	142	][	0	][	65	]
============ Room: SPEL Capacity: 40 ============
[	0	][	103	][	0	][	110	][	0	]
[	126	][	0	][	16	][	0	][	0	]
[	0	][	84	][	152	][	150	][	58	]
[	0	][	124	][	47	][	67	][	82	]
============ Room: SPOR Capacity: 30 ============
[	0	][	57	][	12	][	108	][	15	]
[	0	][	0	][	127	][	0	][	0	]
[	113	][	56	][	45	][	0	][	153	]
[	115	][	13	][	0	][	49	][	0	]
============ Room: MUSI Capacity: 40 ============
[	0	][	0	][	0	][	0	][	53	]
[	44	][	151	][	54	][	148	][	0	]
[	0	][	149	][	35	][	0	][	41	]
[	39	][	0	][	21	][	0	][	105	]
============ Room: ROD Capacity: 30 ============
[	0	][	0	][	0	][	112	][	0	]
[	23	][	0	][	0	][	55	][	107	]
[	0	][	52	][	0	][	0	][	0	]
[	0	][	59	][	33	][	40	][	0	]
============ Room: ORA Capacity: 30 ============
[	0	][	100	][	11	][	111	][	14	]
[	0	][	22	][	34	][	85	][	106	]
[	0	][	0	][	66	][	0	][	0	]
[	0	][	154	][	48	][	20	][	102	]
============ Room: VIO Capacity: 40 ============
[	0	][	0	][	9	][	0	][	109	]
[	0	][	80	][	0	][	19	][	43	]
[	0	][	0	][	0	][	46	][	0	]
[	114	][	87	][	0	][	0	][	0	]
============ Room: GRA Capacity: 30 ============
[	104	][	0	][	0	][	0	][	10	]
[	155	][	101	][	125	][	0	][	0	]
[	0	][	86	][	0	][	0	][	0	]
[	83	][	0	][	0	][	81	][	50	]
