Number of slots: 320
Number of events: 159
Sparseness: 0.496875

Globalit: 1985
Fitness: -4	 Created: 3861
Time: 3861ms

Hard broken: 0
Time limit: 90000
Initialtemperature: 4.3
InitialIterations: 10
My value: -6.83E-4
Stuck limit: 2147483647
Desired fitness: -4

============ Room: D1 Capacity: 200 ============
[	0	][	78	][	0	][	0	][	156	]
[	89	][	116	][	51	][	0	][	88	]
[	140	][	142	][	0	][	0	][	0	]
[	0	][	0	][	36	][	79	][	147	]
============ Room: D2 Capacity: 50 ============
[	99	][	131	][	0	][	0	][	95	]
[	0	][	0	][	0	][	29	][	0	]
[	138	][	0	][	0	][	0	][	0	]
[	74	][	122	][	0	][	0	][	91	]
============ Room: D3 Capacity: 50 ============
[	76	][	32	][	37	][	0	][	0	]
[	0	][	144	][	7	][	0	][	0	]
[	159	][	97	][	30	][	0	][	0	]
[	158	][	0	][	28	][	0	][	118	]
============ Room: D45 Capacity: 40 ============
[	133	][	63	][	77	][	0	][	0	]
[	26	][	0	][	4	][	93	][	0	]
[	0	][	0	][	0	][	0	][	136	]
[	0	][	0	][	123	][	0	][	61	]
============ Room: D46 Capacity: 40 ============
[	119	][	143	][	0	][	0	][	0	]
[	130	][	0	][	146	][	0	][	0	]
[	0	][	0	][	121	][	0	][	73	]
[	0	][	137	][	0	][	98	][	90	]
============ Room: E1 Capacity: 350 ============
[	0	][	0	][	0	][	0	][	24	]
[	120	][	18	][	0	][	135	][	8	]
[	65	][	134	][	0	][	0	][	17	]
[	0	][	0	][	0	][	0	][	42	]
============ Room: E35 Capacity: 40 ============
[	0	][	3	][	0	][	0	][	0	]
[	0	][	62	][	139	][	0	][	132	]
[	27	][	157	][	0	][	0	][	0	]
[	70	][	6	][	0	][	0	][	92	]
============ Room: E36 Capacity: 40 ============
[	31	][	0	][	0	][	38	][	0	]
[	25	][	5	][	0	][	0	][	0	]
[	0	][	75	][	0	][	0	][	145	]
[	117	][	96	][	0	][	69	][	94	]
============ Room: F1 Capacity: 300 ============
[	2	][	0	][	60	][	141	][	0	]
[	72	][	0	][	71	][	0	][	0	]
[	0	][	0	][	128	][	0	][	64	]
[	0	][	68	][	1	][	0	][	129	]
============ Room: SPEL Capacity: 40 ============
[	0	][	0	][	0	][	0	][	0	]
[	0	][	0	][	0	][	83	][	0	]
[	111	][	58	][	81	][	0	][	152	]
[	0	][	0	][	56	][	40	][	0	]
============ Room: SPOR Capacity: 30 ============
[	0	][	0	][	125	][	44	][	12	]
[	14	][	87	][	0	][	154	][	22	]
[	109	][	0	][	153	][	0	][	127	]
[	115	][	0	][	148	][	21	][	33	]
============ Room: MUSI Capacity: 40 ============
[	149	][	0	][	52	][	0	][	16	]
[	11	][	34	][	0	][	49	][	39	]
[	0	][	0	][	82	][	104	][	0	]
[	23	][	0	][	57	][	0	][	86	]
============ Room: ROD Capacity: 30 ============
[	0	][	53	][	126	][	102	][	0	]
[	0	][	0	][	35	][	0	][	151	]
[	15	][	0	][	9	][	103	][	113	]
[	0	][	45	][	0	][	0	][	0	]
============ Room: ORA Capacity: 30 ============
[	0	][	55	][	107	][	0	][	0	]
[	0	][	112	][	106	][	10	][	46	]
[	110	][	59	][	0	][	101	][	114	]
[	41	][	47	][	0	][	155	][	0	]
============ Room: VIO Capacity: 40 ============
[	0	][	100	][	105	][	0	][	85	]
[	0	][	84	][	0	][	0	][	0	]
[	80	][	0	][	67	][	0	][	108	]
[	0	][	43	][	0	][	124	][	0	]
============ Room: GRA Capacity: 30 ============
[	0	][	0	][	0	][	20	][	48	]
[	0	][	66	][	150	][	0	][	0	]
[	0	][	0	][	50	][	19	][	13	]
[	54	][	0	][	0	][	0	][	0	]
