Number of slots: 320
Number of events: 159
Sparseness: 0.496875

Globalit: 2912
Fitness: -4	 Created: 5672
Time: 5673ms

Hard broken: 0
Time limit: 90000
Initialtemperature: 4.3
InitialIterations: 10
My value: -6.83E-4
Stuck limit: 2147483647
Desired fitness: -4

============ Room: D1 Capacity: 200 ============
[	0	][	0	][	0	][	88	][	18	]
[	0	][	89	][	0	][	0	][	65	]
[	142	][	147	][	0	][	64	][	141	]
[	0	][	0	][	116	][	129	][	72	]
============ Room: D2 Capacity: 50 ============
[	0	][	157	][	0	][	26	][	0	]
[	73	][	0	][	0	][	0	][	0	]
[	0	][	0	][	144	][	0	][	0	]
[	159	][	0	][	0	][	4	][	145	]
============ Room: D3 Capacity: 50 ============
[	0	][	143	][	0	][	27	][	38	]
[	0	][	0	][	158	][	61	][	93	]
[	0	][	77	][	0	][	0	][	123	]
[	0	][	133	][	96	][	0	][	63	]
============ Room: D45 Capacity: 40 ============
[	28	][	136	][	0	][	0	][	0	]
[	0	][	0	][	91	][	0	][	0	]
[	76	][	94	][	0	][	99	][	0	]
[	119	][	6	][	70	][	0	][	0	]
============ Room: D46 Capacity: 40 ============
[	139	][	92	][	0	][	0	][	0	]
[	5	][	0	][	121	][	74	][	0	]
[	31	][	25	][	0	][	97	][	0	]
[	146	][	0	][	0	][	62	][	0	]
============ Room: E1 Capacity: 350 ============
[	0	][	17	][	68	][	78	][	0	]
[	42	][	1	][	0	][	0	][	36	]
[	0	][	60	][	0	][	0	][	79	]
[	0	][	0	][	128	][	0	][	8	]
============ Room: E35 Capacity: 40 ============
[	0	][	118	][	132	][	3	][	0	]
[	0	][	0	][	137	][	32	][	90	]
[	0	][	117	][	130	][	95	][	29	]
[	0	][	0	][	0	][	0	][	0	]
============ Room: E36 Capacity: 40 ============
[	0	][	0	][	0	][	37	][	0	]
[	69	][	0	][	0	][	30	][	138	]
[	131	][	0	][	75	][	0	][	0	]
[	0	][	122	][	7	][	98	][	0	]
============ Room: F1 Capacity: 300 ============
[	71	][	0	][	120	][	134	][	51	]
[	0	][	24	][	0	][	156	][	140	]
[	0	][	135	][	0	][	0	][	0	]
[	2	][	0	][	0	][	0	][	0	]
============ Room: SPEL Capacity: 40 ============
[	154	][	0	][	115	][	0	][	103	]
[	125	][	39	][	0	][	12	][	0	]
[	107	][	0	][	0	][	127	][	0	]
[	0	][	87	][	0	][	0	][	0	]
============ Room: SPOR Capacity: 30 ============
[	0	][	82	][	11	][	152	][	0	]
[	0	][	0	][	80	][	126	][	0	]
[	148	][	0	][	47	][	35	][	0	]
[	113	][	0	][	153	][	46	][	0	]
============ Room: MUSI Capacity: 40 ============
[	112	][	14	][	13	][	0	][	106	]
[	0	][	0	][	0	][	58	][	81	]
[	0	][	55	][	20	][	84	][	0	]
[	83	][	102	][	57	][	0	][	0	]
============ Room: ROD Capacity: 30 ============
[	109	][	0	][	0	][	0	][	100	]
[	0	][	0	][	53	][	10	][	0	]
[	0	][	15	][	50	][	0	][	0	]
[	67	][	40	][	0	][	86	][	0	]
============ Room: ORA Capacity: 30 ============
[	0	][	0	][	44	][	0	][	0	]
[	19	][	0	][	22	][	0	][	0	]
[	104	][	59	][	155	][	0	][	9	]
[	0	][	101	][	0	][	124	][	41	]
============ Room: VIO Capacity: 40 ============
[	0	][	0	][	114	][	0	][	105	]
[	21	][	0	][	0	][	108	][	0	]
[	0	][	52	][	33	][	23	][	0	]
[	111	][	0	][	85	][	151	][	110	]
============ Room: GRA Capacity: 30 ============
[	0	][	0	][	0	][	45	][	0	]
[	149	][	43	][	54	][	0	][	0	]
[	49	][	16	][	0	][	34	][	0	]
[	56	][	150	][	0	][	66	][	48	]
