Number of slots: 320
Number of events: 159
Sparseness: 0.496875

Globalit: 1012
Fitness: -4	 Created: 2005
Time: 2005ms

Hard broken: 0
Time limit: 90000
Initialtemperature: 4.3
InitialIterations: 10
My value: -6.83E-4
Stuck limit: 2147483647
Desired fitness: -4

============ Room: D1 Capacity: 200 ============
[	0	][	0	][	17	][	1	][	51	]
[	0	][	0	][	134	][	0	][	0	]
[	0	][	79	][	71	][	65	][	147	]
[	0	][	60	][	0	][	8	][	18	]
============ Room: D2 Capacity: 50 ============
[	0	][	0	][	0	][	0	][	0	]
[	90	][	0	][	0	][	0	][	0	]
[	0	][	159	][	0	][	0	][	0	]
[	92	][	31	][	0	][	0	][	97	]
============ Room: D3 Capacity: 50 ============
[	146	][	117	][	0	][	91	][	96	]
[	7	][	0	][	121	][	25	][	99	]
[	144	][	123	][	6	][	0	][	94	]
[	93	][	0	][	0	][	69	][	0	]
============ Room: D45 Capacity: 40 ============
[	76	][	145	][	73	][	0	][	137	]
[	38	][	74	][	29	][	37	][	98	]
[	0	][	0	][	0	][	95	][	0	]
[	0	][	158	][	26	][	0	][	0	]
============ Room: D46 Capacity: 40 ============
[	0	][	0	][	0	][	77	][	4	]
[	0	][	0	][	0	][	63	][	0	]
[	75	][	28	][	27	][	30	][	139	]
[	70	][	0	][	5	][	0	][	118	]
============ Room: E1 Capacity: 350 ============
[	89	][	42	][	0	][	116	][	0	]
[	0	][	0	][	0	][	142	][	24	]
[	0	][	88	][	141	][	0	][	0	]
[	135	][	120	][	0	][	78	][	36	]
============ Room: E35 Capacity: 40 ============
[	0	][	3	][	132	][	131	][	0	]
[	61	][	0	][	0	][	0	][	0	]
[	0	][	0	][	0	][	0	][	0	]
[	0	][	133	][	32	][	0	][	0	]
============ Room: E36 Capacity: 40 ============
[	0	][	0	][	157	][	0	][	62	]
[	143	][	122	][	0	][	0	][	0	]
[	0	][	130	][	119	][	138	][	0	]
[	0	][	0	][	136	][	0	][	0	]
============ Room: F1 Capacity: 300 ============
[	68	][	128	][	0	][	0	][	156	]
[	0	][	0	][	0	][	0	][	129	]
[	2	][	0	][	0	][	140	][	0	]
[	64	][	0	][	72	][	0	][	0	]
============ Room: SPEL Capacity: 40 ============
[	0	][	0	][	112	][	66	][	0	]
[	23	][	44	][	48	][	0	][	15	]
[	104	][	12	][	106	][	0	][	80	]
[	0	][	0	][	153	][	41	][	83	]
============ Room: SPOR Capacity: 30 ============
[	0	][	101	][	0	][	54	][	0	]
[	0	][	0	][	108	][	0	][	0	]
[	0	][	53	][	154	][	0	][	124	]
[	43	][	0	][	0	][	0	][	58	]
============ Room: MUSI Capacity: 40 ============
[	155	][	22	][	0	][	0	][	34	]
[	87	][	111	][	115	][	10	][	47	]
[	103	][	0	][	0	][	0	][	0	]
[	148	][	0	][	0	][	113	][	16	]
============ Room: ROD Capacity: 30 ============
[	0	][	0	][	13	][	40	][	0	]
[	0	][	149	][	0	][	126	][	67	]
[	45	][	0	][	0	][	86	][	55	]
[	125	][	107	][	0	][	150	][	59	]
============ Room: ORA Capacity: 30 ============
[	35	][	84	][	114	][	0	][	0	]
[	0	][	0	][	109	][	0	][	81	]
[	0	][	52	][	0	][	46	][	0	]
[	14	][	0	][	0	][	110	][	56	]
============ Room: VIO Capacity: 40 ============
[	11	][	0	][	0	][	0	][	0	]
[	50	][	19	][	0	][	102	][	0	]
[	0	][	0	][	100	][	0	][	0	]
[	9	][	82	][	57	][	39	][	0	]
============ Room: GRA Capacity: 30 ============
[	49	][	105	][	0	][	20	][	127	]
[	21	][	0	][	151	][	85	][	0	]
[	0	][	33	][	152	][	0	][	0	]
[	0	][	0	][	0	][	0	][	0	]
