Number of slots: 320
Number of events: 159
Sparseness: 0.496875

Globalit: 3336
Fitness: -4	 Created: 6602
Time: 6602ms

Hard broken: 0
Time limit: 90000
Initialtemperature: 4.3
InitialIterations: 10
My value: -6.83E-4
Stuck limit: 2147483647
Desired fitness: -4

============ Room: D1 Capacity: 200 ============
[	0	][	0	][	0	][	0	][	60	]
[	0	][	0	][	0	][	0	][	129	]
[	134	][	36	][	71	][	1	][	135	]
[	0	][	0	][	0	][	0	][	120	]
============ Room: D2 Capacity: 50 ============
[	32	][	0	][	0	][	0	][	138	]
[	30	][	0	][	0	][	70	][	0	]
[	0	][	0	][	118	][	26	][	0	]
[	0	][	121	][	0	][	0	][	0	]
============ Room: D3 Capacity: 50 ============
[	0	][	0	][	0	][	0	][	0	]
[	29	][	61	][	27	][	77	][	0	]
[	38	][	0	][	0	][	0	][	0	]
[	0	][	0	][	0	][	0	][	131	]
============ Room: D45 Capacity: 40 ============
[	0	][	0	][	136	][	122	][	143	]
[	0	][	0	][	5	][	0	][	0	]
[	96	][	123	][	0	][	37	][	0	]
[	75	][	0	][	0	][	94	][	31	]
============ Room: D46 Capacity: 40 ============
[	0	][	144	][	0	][	0	][	0	]
[	0	][	157	][	0	][	0	][	93	]
[	74	][	92	][	95	][	132	][	69	]
[	76	][	0	][	0	][	90	][	133	]
============ Room: E1 Capacity: 350 ============
[	128	][	2	][	72	][	0	][	88	]
[	0	][	78	][	0	][	0	][	79	]
[	0	][	147	][	0	][	142	][	0	]
[	89	][	0	][	0	][	0	][	18	]
============ Room: E35 Capacity: 40 ============
[	0	][	63	][	0	][	0	][	0	]
[	0	][	7	][	0	][	3	][	119	]
[	145	][	0	][	139	][	91	][	146	]
[	6	][	28	][	117	][	4	][	73	]
============ Room: E36 Capacity: 40 ============
[	0	][	0	][	0	][	0	][	0	]
[	99	][	0	][	0	][	0	][	0	]
[	97	][	62	][	25	][	0	][	98	]
[	159	][	130	][	158	][	137	][	0	]
============ Room: F1 Capacity: 300 ============
[	8	][	116	][	0	][	0	][	0	]
[	140	][	42	][	0	][	24	][	65	]
[	0	][	0	][	0	][	68	][	0	]
[	51	][	156	][	141	][	17	][	64	]
============ Room: SPEL Capacity: 40 ============
[	0	][	53	][	126	][	12	][	151	]
[	0	][	0	][	49	][	0	][	0	]
[	0	][	11	][	0	][	152	][	41	]
[	125	][	9	][	0	][	34	][	0	]
============ Room: SPOR Capacity: 30 ============
[	0	][	0	][	110	][	103	][	82	]
[	0	][	0	][	0	][	127	][	13	]
[	0	][	0	][	35	][	154	][	19	]
[	0	][	0	][	111	][	0	][	0	]
============ Room: MUSI Capacity: 40 ============
[	0	][	0	][	22	][	149	][	148	]
[	0	][	66	][	0	][	0	][	0	]
[	0	][	52	][	0	][	48	][	80	]
[	0	][	58	][	114	][	0	][	16	]
============ Room: ROD Capacity: 30 ============
[	0	][	0	][	112	][	0	][	59	]
[	56	][	104	][	109	][	0	][	10	]
[	153	][	0	][	45	][	0	][	0	]
[	0	][	0	][	84	][	150	][	106	]
============ Room: ORA Capacity: 30 ============
[	115	][	0	][	124	][	87	][	39	]
[	155	][	0	][	0	][	43	][	0	]
[	0	][	0	][	0	][	81	][	15	]
[	0	][	14	][	0	][	85	][	0	]
============ Room: VIO Capacity: 40 ============
[	108	][	0	][	0	][	86	][	83	]
[	0	][	102	][	0	][	0	][	0	]
[	57	][	0	][	0	][	46	][	54	]
[	40	][	0	][	0	][	0	][	0	]
============ Room: GRA Capacity: 30 ============
[	113	][	107	][	44	][	20	][	21	]
[	67	][	100	][	47	][	0	][	0	]
[	0	][	0	][	0	][	50	][	55	]
[	23	][	105	][	0	][	33	][	101	]
