Number of slots: 320
Number of events: 159
Sparseness: 0.496875

Globalit: 1912
Fitness: -4	 Created: 3838
Time: 3840ms

Hard broken: 0
Time limit: 90000
Initialtemperature: 4.3
InitialIterations: 10
My value: -6.83E-4
Stuck limit: 2147483647
Desired fitness: -4

============ Room: D1 Capacity: 200 ============
[	17	][	0	][	64	][	0	][	0	]
[	89	][	128	][	0	][	1	][	51	]
[	2	][	0	][	0	][	142	][	147	]
[	0	][	0	][	141	][	0	][	0	]
============ Room: D2 Capacity: 50 ============
[	0	][	0	][	99	][	76	][	0	]
[	4	][	0	][	118	][	90	][	0	]
[	0	][	0	][	0	][	158	][	0	]
[	0	][	0	][	0	][	143	][	0	]
============ Room: D3 Capacity: 50 ============
[	96	][	123	][	0	][	121	][	91	]
[	0	][	0	][	117	][	94	][	25	]
[	61	][	159	][	0	][	38	][	0	]
[	0	][	75	][	0	][	0	][	0	]
============ Room: D45 Capacity: 40 ============
[	98	][	0	][	97	][	0	][	132	]
[	130	][	29	][	136	][	28	][	0	]
[	157	][	0	][	131	][	0	][	0	]
[	0	][	5	][	0	][	0	][	3	]
============ Room: D46 Capacity: 40 ============
[	0	][	144	][	139	][	0	][	31	]
[	37	][	0	][	0	][	0	][	0	]
[	0	][	0	][	32	][	6	][	0	]
[	0	][	7	][	0	][	95	][	62	]
============ Room: E1 Capacity: 350 ============
[	116	][	78	][	72	][	134	][	79	]
[	0	][	0	][	60	][	0	][	129	]
[	0	][	36	][	156	][	0	][	0	]
[	71	][	135	][	65	][	18	][	0	]
============ Room: E35 Capacity: 40 ============
[	0	][	0	][	27	][	63	][	0	]
[	122	][	0	][	0	][	92	][	0	]
[	73	][	69	][	77	][	70	][	137	]
[	145	][	93	][	74	][	0	][	0	]
============ Room: E36 Capacity: 40 ============
[	138	][	133	][	146	][	0	][	0	]
[	0	][	0	][	0	][	30	][	0	]
[	0	][	0	][	26	][	0	][	0	]
[	0	][	0	][	0	][	119	][	0	]
============ Room: F1 Capacity: 300 ============
[	0	][	0	][	42	][	140	][	0	]
[	0	][	88	][	24	][	0	][	0	]
[	0	][	0	][	0	][	0	][	120	]
[	68	][	0	][	0	][	8	][	0	]
============ Room: SPEL Capacity: 40 ============
[	151	][	0	][	0	][	0	][	0	]
[	82	][	0	][	0	][	0	][	10	]
[	0	][	0	][	0	][	0	][	109	]
[	100	][	0	][	0	][	0	][	152	]
============ Room: SPOR Capacity: 30 ============
[	0	][	47	][	67	][	105	][	0	]
[	80	][	149	][	0	][	41	][	16	]
[	49	][	0	][	46	][	81	][	0	]
[	124	][	150	][	0	][	0	][	39	]
============ Room: MUSI Capacity: 40 ============
[	59	][	148	][	0	][	53	][	43	]
[	86	][	0	][	54	][	40	][	0	]
[	113	][	112	][	66	][	0	][	0	]
[	101	][	19	][	0	][	0	][	45	]
============ Room: ROD Capacity: 30 ============
[	13	][	0	][	125	][	104	][	0	]
[	0	][	0	][	85	][	0	][	0	]
[	111	][	0	][	0	][	0	][	20	]
[	106	][	0	][	0	][	0	][	127	]
============ Room: ORA Capacity: 30 ============
[	15	][	23	][	0	][	9	][	153	]
[	83	][	58	][	14	][	0	][	87	]
[	110	][	0	][	0	][	0	][	55	]
[	0	][	50	][	103	][	0	][	48	]
============ Room: VIO Capacity: 40 ============
[	52	][	12	][	11	][	0	][	126	]
[	0	][	0	][	0	][	0	][	84	]
[	0	][	0	][	102	][	44	][	108	]
[	107	][	0	][	154	][	155	][	0	]
============ Room: GRA Capacity: 30 ============
[	34	][	0	][	0	][	0	][	22	]
[	57	][	0	][	0	][	56	][	0	]
[	115	][	114	][	0	][	0	][	33	]
[	35	][	0	][	0	][	0	][	21	]
