Number of slots: 320
Number of events: 159
Sparseness: 0.496875

Globalit: 7712
Fitness: -4	 Created: 15039
Time: 15040ms

Hard broken: 0
Time limit: 90000
Initialtemperature: 4.3
InitialIterations: 10
My value: -6.83E-4
Stuck limit: 2147483647
Desired fitness: -4

============ Room: D1 Capacity: 200 ============
[	51	][	134	][	78	][	135	][	64	]
[	88	][	89	][	0	][	141	][	65	]
[	0	][	68	][	0	][	116	][	0	]
[	0	][	18	][	142	][	36	][	0	]
============ Room: D2 Capacity: 50 ============
[	0	][	69	][	90	][	32	][	0	]
[	73	][	0	][	91	][	133	][	143	]
[	77	][	0	][	0	][	0	][	0	]
[	0	][	99	][	117	][	97	][	158	]
============ Room: D3 Capacity: 50 ============
[	0	][	0	][	94	][	0	][	0	]
[	118	][	0	][	0	][	4	][	0	]
[	0	][	63	][	0	][	70	][	0	]
[	137	][	0	][	0	][	0	][	145	]
============ Room: D45 Capacity: 40 ============
[	0	][	0	][	0	][	0	][	27	]
[	6	][	28	][	0	][	0	][	0	]
[	95	][	0	][	0	][	0	][	0	]
[	0	][	122	][	131	][	0	][	132	]
============ Room: D46 Capacity: 40 ============
[	25	][	0	][	93	][	144	][	76	]
[	38	][	123	][	26	][	0	][	0	]
[	98	][	0	][	30	][	5	][	0	]
[	0	][	74	][	130	][	136	][	7	]
============ Room: E1 Capacity: 350 ============
[	0	][	0	][	0	][	79	][	147	]
[	140	][	0	][	8	][	0	][	0	]
[	0	][	0	][	0	][	0	][	0	]
[	0	][	0	][	0	][	0	][	0	]
============ Room: E35 Capacity: 40 ============
[	0	][	0	][	0	][	61	][	31	]
[	0	][	0	][	92	][	0	][	0	]
[	75	][	0	][	138	][	0	][	0	]
[	0	][	0	][	0	][	62	][	0	]
============ Room: E36 Capacity: 40 ============
[	0	][	0	][	0	][	159	][	119	]
[	0	][	0	][	37	][	0	][	146	]
[	3	][	96	][	0	][	157	][	29	]
[	0	][	0	][	0	][	139	][	121	]
============ Room: F1 Capacity: 300 ============
[	72	][	42	][	17	][	0	][	1	]
[	0	][	128	][	0	][	24	][	0	]
[	156	][	129	][	2	][	60	][	120	]
[	71	][	0	][	0	][	0	][	0	]
============ Room: SPEL Capacity: 40 ============
[	0	][	104	][	49	][	43	][	58	]
[	0	][	54	][	0	][	55	][	149	]
[	0	][	0	][	0	][	0	][	107	]
[	0	][	0	][	0	][	0	][	39	]
============ Room: SPOR Capacity: 30 ============
[	109	][	0	][	0	][	21	][	0	]
[	0	][	0	][	148	][	126	][	40	]
[	0	][	0	][	0	][	102	][	100	]
[	23	][	56	][	0	][	82	][	0	]
============ Room: MUSI Capacity: 40 ============
[	9	][	106	][	0	][	0	][	0	]
[	0	][	0	][	50	][	0	][	151	]
[	0	][	80	][	66	][	83	][	0	]
[	11	][	150	][	33	][	0	][	0	]
============ Room: ROD Capacity: 30 ============
[	0	][	0	][	0	][	14	][	108	]
[	0	][	0	][	46	][	34	][	114	]
[	0	][	0	][	0	][	103	][	0	]
[	20	][	10	][	44	][	0	][	101	]
============ Room: ORA Capacity: 30 ============
[	35	][	87	][	125	][	0	][	0	]
[	0	][	84	][	48	][	111	][	53	]
[	0	][	0	][	105	][	0	][	16	]
[	12	][	0	][	154	][	15	][	86	]
============ Room: VIO Capacity: 40 ============
[	0	][	0	][	0	][	0	][	110	]
[	19	][	52	][	0	][	0	][	112	]
[	57	][	0	][	127	][	0	][	47	]
[	155	][	41	][	153	][	0	][	0	]
============ Room: GRA Capacity: 30 ============
[	0	][	152	][	13	][	22	][	67	]
[	0	][	0	][	0	][	113	][	81	]
[	0	][	85	][	124	][	45	][	0	]
[	0	][	59	][	115	][	0	][	0	]
