Number of slots: 320
Number of events: 159
Sparseness: 0.496875

Globalit: 3332
Fitness: -4	 Created: 6617
Time: 6618ms

Hard broken: 0
Time limit: 90000
Initialtemperature: 4.3
InitialIterations: 10
My value: -6.83E-4
Stuck limit: 2147483647
Desired fitness: -4

============ Room: D1 Capacity: 200 ============
[	0	][	0	][	1	][	18	][	0	]
[	147	][	65	][	0	][	0	][	36	]
[	0	][	0	][	17	][	8	][	0	]
[	89	][	0	][	140	][	0	][	60	]
============ Room: D2 Capacity: 50 ============
[	29	][	69	][	91	][	94	][	0	]
[	0	][	96	][	0	][	0	][	0	]
[	70	][	0	][	0	][	0	][	0	]
[	0	][	3	][	0	][	25	][	0	]
============ Room: D3 Capacity: 50 ============
[	159	][	0	][	158	][	0	][	0	]
[	133	][	118	][	63	][	119	][	0	]
[	6	][	0	][	137	][	123	][	62	]
[	0	][	0	][	0	][	0	][	28	]
============ Room: D45 Capacity: 40 ============
[	31	][	143	][	77	][	0	][	7	]
[	30	][	95	][	75	][	61	][	0	]
[	121	][	0	][	4	][	37	][	0	]
[	0	][	76	][	0	][	0	][	38	]
============ Room: D46 Capacity: 40 ============
[	0	][	0	][	0	][	0	][	26	]
[	0	][	145	][	73	][	0	][	0	]
[	0	][	157	][	138	][	0	][	0	]
[	0	][	0	][	0	][	0	][	131	]
============ Room: E1 Capacity: 350 ============
[	0	][	116	][	0	][	120	][	72	]
[	0	][	0	][	51	][	42	][	0	]
[	129	][	0	][	0	][	128	][	2	]
[	0	][	64	][	0	][	71	][	0	]
============ Room: E35 Capacity: 40 ============
[	0	][	93	][	0	][	0	][	146	]
[	0	][	97	][	74	][	0	][	99	]
[	0	][	0	][	122	][	0	][	0	]
[	130	][	139	][	0	][	0	][	0	]
============ Room: E36 Capacity: 40 ============
[	0	][	32	][	0	][	92	][	0	]
[	0	][	136	][	90	][	0	][	98	]
[	0	][	117	][	0	][	27	][	144	]
[	5	][	0	][	0	][	0	][	132	]
============ Room: F1 Capacity: 300 ============
[	0	][	0	][	135	][	134	][	156	]
[	68	][	0	][	141	][	24	][	142	]
[	0	][	78	][	0	][	0	][	79	]
[	0	][	0	][	0	][	88	][	0	]
============ Room: SPEL Capacity: 40 ============
[	115	][	0	][	20	][	0	][	52	]
[	0	][	33	][	124	][	13	][	56	]
[	59	][	0	][	0	][	44	][	112	]
[	83	][	153	][	81	][	0	][	0	]
============ Room: SPOR Capacity: 30 ============
[	46	][	0	][	54	][	0	][	0	]
[	9	][	0	][	11	][	0	][	0	]
[	101	][	0	][	110	][	150	][	0	]
[	0	][	100	][	55	][	0	][	0	]
============ Room: MUSI Capacity: 40 ============
[	84	][	0	][	0	][	0	][	109	]
[	0	][	12	][	22	][	0	][	0	]
[	151	][	0	][	0	][	0	][	58	]
[	0	][	0	][	0	][	0	][	48	]
============ Room: ROD Capacity: 30 ============
[	108	][	155	][	0	][	0	][	0	]
[	0	][	0	][	0	][	0	][	149	]
[	0	][	34	][	111	][	0	][	0	]
[	0	][	152	][	106	][	39	][	0	]
============ Room: ORA Capacity: 30 ============
[	49	][	154	][	19	][	0	][	114	]
[	127	][	50	][	0	][	107	][	0	]
[	0	][	43	][	113	][	82	][	0	]
[	0	][	104	][	16	][	126	][	105	]
============ Room: VIO Capacity: 40 ============
[	0	][	0	][	0	][	41	][	0	]
[	0	][	0	][	14	][	40	][	0	]
[	80	][	45	][	66	][	103	][	23	]
[	0	][	102	][	85	][	0	][	0	]
============ Room: GRA Capacity: 30 ============
[	10	][	0	][	67	][	0	][	53	]
[	125	][	0	][	0	][	87	][	148	]
[	21	][	35	][	57	][	86	][	0	]
[	0	][	47	][	15	][	0	][	0	]
