Number of slots: 320
Number of events: 159
Sparseness: 0.496875

Globalit: 2804
Fitness: -4	 Created: 5456
Time: 5458ms

Hard broken: 0
Time limit: 90000
Initialtemperature: 4.3
InitialIterations: 10
My value: -6.83E-4
Stuck limit: 2147483647
Desired fitness: -4

============ Room: D1 Capacity: 200 ============
[	0	][	0	][	0	][	120	][	0	]
[	0	][	1	][	0	][	2	][	8	]
[	18	][	65	][	0	][	129	][	0	]
[	89	][	0	][	17	][	51	][	142	]
============ Room: D2 Capacity: 50 ============
[	76	][	0	][	27	][	26	][	73	]
[	99	][	74	][	146	][	62	][	145	]
[	0	][	118	][	138	][	28	][	0	]
[	29	][	0	][	0	][	61	][	0	]
============ Room: D3 Capacity: 50 ============
[	0	][	6	][	0	][	0	][	0	]
[	130	][	0	][	90	][	0	][	0	]
[	117	][	0	][	5	][	123	][	0	]
[	0	][	159	][	0	][	119	][	0	]
============ Room: D45 Capacity: 40 ============
[	131	][	25	][	37	][	0	][	0	]
[	0	][	132	][	0	][	0	][	133	]
[	0	][	75	][	0	][	0	][	0	]
[	0	][	31	][	0	][	0	][	93	]
============ Room: D46 Capacity: 40 ============
[	0	][	0	][	94	][	0	][	0	]
[	96	][	0	][	91	][	0	][	0	]
[	3	][	0	][	0	][	0	][	144	]
[	0	][	143	][	0	][	4	][	7	]
============ Room: E1 Capacity: 350 ============
[	0	][	0	][	79	][	0	][	68	]
[	24	][	60	][	116	][	0	][	0	]
[	78	][	0	][	0	][	0	][	0	]
[	140	][	0	][	64	][	141	][	0	]
============ Room: E35 Capacity: 40 ============
[	0	][	0	][	0	][	95	][	0	]
[	69	][	0	][	0	][	30	][	0	]
[	0	][	0	][	0	][	158	][	92	]
[	0	][	0	][	121	][	38	][	0	]
============ Room: E36 Capacity: 40 ============
[	0	][	157	][	63	][	97	][	122	]
[	98	][	0	][	0	][	0	][	32	]
[	0	][	136	][	70	][	0	][	137	]
[	0	][	139	][	0	][	77	][	0	]
============ Room: F1 Capacity: 300 ============
[	36	][	0	][	0	][	135	][	0	]
[	0	][	0	][	72	][	0	][	156	]
[	134	][	0	][	147	][	0	][	0	]
[	71	][	88	][	42	][	0	][	128	]
============ Room: SPEL Capacity: 40 ============
[	148	][	0	][	0	][	0	][	100	]
[	0	][	127	][	0	][	54	][	113	]
[	149	][	0	][	101	][	0	][	0	]
[	153	][	0	][	0	][	111	][	0	]
============ Room: SPOR Capacity: 30 ============
[	47	][	109	][	0	][	84	][	0	]
[	0	][	21	][	13	][	115	][	0	]
[	57	][	0	][	105	][	87	][	0	]
[	0	][	86	][	0	][	20	][	0	]
============ Room: MUSI Capacity: 40 ============
[	16	][	53	][	10	][	34	][	0	]
[	0	][	0	][	35	][	0	][	0	]
[	0	][	52	][	19	][	108	][	0	]
[	0	][	0	][	33	][	0	][	151	]
============ Room: ROD Capacity: 30 ============
[	0	][	81	][	0	][	0	][	106	]
[	9	][	102	][	0	][	0	][	0	]
[	150	][	56	][	0	][	0	][	0	]
[	0	][	12	][	80	][	0	][	0	]
============ Room: ORA Capacity: 30 ============
[	50	][	124	][	0	][	0	][	0	]
[	0	][	45	][	44	][	0	][	0	]
[	107	][	103	][	0	][	0	][	0	]
[	152	][	22	][	82	][	0	][	83	]
============ Room: VIO Capacity: 40 ============
[	112	][	0	][	11	][	55	][	48	]
[	0	][	23	][	155	][	114	][	125	]
[	39	][	0	][	0	][	0	][	0	]
[	14	][	49	][	104	][	110	][	0	]
============ Room: GRA Capacity: 30 ============
[	67	][	0	][	154	][	59	][	40	]
[	0	][	0	][	66	][	58	][	0	]
[	0	][	0	][	46	][	0	][	43	]
[	15	][	126	][	85	][	0	][	41	]
