Number of slots: 320
Number of events: 159
Sparseness: 0.496875

Globalit: 2609
Fitness: -4	 Created: 5142
Time: 5144ms

Hard broken: 0
Time limit: 90000
Initialtemperature: 4.3
InitialIterations: 10
My value: -6.83E-4
Stuck limit: 2147483647
Desired fitness: -4

============ Room: D1 Capacity: 200 ============
[	0	][	0	][	17	][	68	][	88	]
[	0	][	78	][	129	][	134	][	0	]
[	135	][	0	][	0	][	141	][	140	]
[	2	][	0	][	89	][	79	][	128	]
============ Room: D2 Capacity: 50 ============
[	74	][	0	][	145	][	90	][	0	]
[	0	][	69	][	0	][	123	][	0	]
[	0	][	0	][	37	][	0	][	70	]
[	0	][	0	][	0	][	0	][	6	]
============ Room: D3 Capacity: 50 ============
[	0	][	158	][	4	][	0	][	3	]
[	132	][	25	][	61	][	75	][	0	]
[	0	][	0	][	0	][	0	][	136	]
[	0	][	0	][	133	][	97	][	0	]
============ Room: D45 Capacity: 40 ============
[	98	][	0	][	95	][	93	][	0	]
[	0	][	27	][	91	][	5	][	0	]
[	0	][	94	][	0	][	159	][	0	]
[	0	][	32	][	0	][	131	][	0	]
============ Room: D46 Capacity: 40 ============
[	38	][	143	][	137	][	92	][	0	]
[	117	][	0	][	0	][	0	][	144	]
[	0	][	29	][	0	][	0	][	0	]
[	0	][	0	][	0	][	0	][	118	]
============ Room: E1 Capacity: 350 ============
[	0	][	24	][	0	][	72	][	64	]
[	0	][	1	][	0	][	0	][	42	]
[	71	][	156	][	0	][	0	][	0	]
[	0	][	147	][	0	][	0	][	0	]
============ Room: E35 Capacity: 40 ============
[	0	][	130	][	96	][	0	][	0	]
[	73	][	0	][	0	][	28	][	121	]
[	0	][	0	][	0	][	26	][	138	]
[	139	][	0	][	30	][	0	][	0	]
============ Room: E36 Capacity: 40 ============
[	76	][	146	][	63	][	0	][	0	]
[	0	][	99	][	0	][	7	][	0	]
[	122	][	0	][	0	][	119	][	77	]
[	157	][	0	][	62	][	0	][	31	]
============ Room: F1 Capacity: 300 ============
[	0	][	0	][	0	][	8	][	0	]
[	0	][	142	][	116	][	0	][	18	]
[	0	][	0	][	51	][	60	][	0	]
[	36	][	120	][	0	][	65	][	0	]
============ Room: SPEL Capacity: 40 ============
[	152	][	9	][	0	][	0	][	0	]
[	107	][	126	][	87	][	0	][	0	]
[	33	][	0	][	108	][	114	][	54	]
[	48	][	113	][	82	][	52	][	150	]
============ Room: SPOR Capacity: 30 ============
[	0	][	0	][	50	][	20	][	0	]
[	66	][	127	][	0	][	0	][	0	]
[	0	][	0	][	125	][	112	][	0	]
[	0	][	0	][	0	][	0	][	58	]
============ Room: MUSI Capacity: 40 ============
[	46	][	0	][	0	][	154	][	0	]
[	39	][	0	][	35	][	100	][	151	]
[	0	][	0	][	153	][	110	][	22	]
[	0	][	0	][	14	][	0	][	0	]
============ Room: ROD Capacity: 30 ============
[	49	][	10	][	0	][	23	][	0	]
[	155	][	0	][	0	][	0	][	86	]
[	0	][	56	][	0	][	34	][	0	]
[	45	][	0	][	0	][	0	][	19	]
============ Room: ORA Capacity: 30 ============
[	12	][	13	][	0	][	0	][	21	]
[	104	][	40	][	0	][	0	][	0	]
[	47	][	85	][	109	][	67	][	0	]
[	0	][	57	][	59	][	148	][	0	]
============ Room: VIO Capacity: 40 ============
[	0	][	41	][	0	][	44	][	0	]
[	0	][	0	][	149	][	103	][	0	]
[	106	][	0	][	0	][	111	][	11	]
[	43	][	53	][	83	][	124	][	0	]
============ Room: GRA Capacity: 30 ============
[	16	][	55	][	0	][	0	][	81	]
[	105	][	0	][	15	][	101	][	102	]
[	0	][	0	][	0	][	0	][	0	]
[	80	][	115	][	84	][	0	][	0	]
