Number of slots: 320
Number of events: 159
Sparseness: 0.496875

Globalit: 3056
Fitness: -4	 Created: 7067
Time: 7067ms

Hard broken: 0
Time limit: 90000
Initialtemperature: 4.3
InitialIterations: 10
My value: -6.83E-4
Stuck limit: 2147483647
Desired fitness: -4

============ Room: D1 Capacity: 200 ============
[	0	][	78	][	60	][	0	][	0	]
[	0	][	0	][	8	][	79	][	128	]
[	72	][	65	][	0	][	0	][	0	]
[	42	][	0	][	141	][	116	][	71	]
============ Room: D2 Capacity: 50 ============
[	158	][	118	][	0	][	0	][	5	]
[	0	][	0	][	0	][	0	][	0	]
[	99	][	77	][	0	][	0	][	132	]
[	138	][	74	][	75	][	61	][	0	]
============ Room: D3 Capacity: 50 ============
[	0	][	117	][	92	][	29	][	0	]
[	0	][	0	][	0	][	157	][	121	]
[	0	][	0	][	0	][	7	][	0	]
[	123	][	25	][	70	][	0	][	63	]
============ Room: D45 Capacity: 40 ============
[	0	][	145	][	0	][	137	][	0	]
[	73	][	0	][	0	][	27	][	94	]
[	31	][	0	][	0	][	97	][	0	]
[	0	][	0	][	4	][	91	][	0	]
============ Room: D46 Capacity: 40 ============
[	6	][	0	][	90	][	0	][	144	]
[	28	][	0	][	0	][	62	][	0	]
[	0	][	0	][	0	][	0	][	0	]
[	0	][	0	][	3	][	30	][	139	]
============ Room: E1 Capacity: 350 ============
[	89	][	0	][	2	][	147	][	0	]
[	0	][	18	][	156	][	0	][	142	]
[	0	][	0	][	0	][	17	][	51	]
[	24	][	88	][	64	][	1	][	0	]
============ Room: E35 Capacity: 40 ============
[	146	][	38	][	0	][	32	][	96	]
[	98	][	130	][	0	][	26	][	0	]
[	0	][	0	][	159	][	143	][	0	]
[	0	][	0	][	0	][	0	][	0	]
============ Room: E36 Capacity: 40 ============
[	133	][	0	][	0	][	69	][	131	]
[	122	][	0	][	0	][	0	][	0	]
[	95	][	37	][	76	][	0	][	0	]
[	0	][	119	][	0	][	93	][	136	]
============ Room: F1 Capacity: 300 ============
[	0	][	129	][	120	][	0	][	36	]
[	0	][	0	][	140	][	0	][	0	]
[	0	][	135	][	0	][	0	][	0	]
[	0	][	0	][	134	][	68	][	0	]
============ Room: SPEL Capacity: 40 ============
[	0	][	105	][	153	][	0	][	0	]
[	0	][	84	][	125	][	9	][	0	]
[	154	][	53	][	127	][	82	][	152	]
[	80	][	0	][	0	][	0	][	0	]
============ Room: SPOR Capacity: 30 ============
[	0	][	100	][	81	][	43	][	155	]
[	0	][	101	][	102	][	57	][	0	]
[	11	][	21	][	14	][	35	][	111	]
[	0	][	41	][	108	][	85	][	45	]
============ Room: MUSI Capacity: 40 ============
[	0	][	50	][	20	][	0	][	0	]
[	0	][	87	][	0	][	0	][	0	]
[	0	][	56	][	0	][	33	][	0	]
[	13	][	54	][	110	][	0	][	19	]
============ Room: ROD Capacity: 30 ============
[	52	][	0	][	23	][	0	][	49	]
[	39	][	0	][	0	][	40	][	0	]
[	0	][	0	][	106	][	0	][	115	]
[	0	][	0	][	0	][	0	][	112	]
============ Room: ORA Capacity: 30 ============
[	0	][	0	][	55	][	44	][	83	]
[	0	][	12	][	103	][	0	][	34	]
[	0	][	0	][	0	][	58	][	0	]
[	148	][	0	][	0	][	48	][	113	]
============ Room: VIO Capacity: 40 ============
[	0	][	107	][	0	][	0	][	66	]
[	0	][	126	][	0	][	109	][	0	]
[	22	][	16	][	104	][	0	][	114	]
[	0	][	150	][	0	][	151	][	67	]
============ Room: GRA Capacity: 30 ============
[	0	][	0	][	0	][	10	][	0	]
[	0	][	47	][	0	][	0	][	0	]
[	0	][	124	][	59	][	149	][	15	]
[	0	][	0	][	0	][	86	][	46	]
