Number of slots: 320
Number of events: 159
Sparseness: 0.496875

Globalit: 1670
Fitness: -4	 Created: 3247
Time: 3248ms

Hard broken: 0
Time limit: 90000
Initialtemperature: 4.3
InitialIterations: 10
My value: -6.83E-4
Stuck limit: 2147483647
Desired fitness: -4

============ Room: D1 Capacity: 200 ============
[	0	][	0	][	78	][	0	][	79	]
[	0	][	0	][	68	][	120	][	134	]
[	0	][	0	][	135	][	0	][	0	]
[	65	][	64	][	0	][	0	][	0	]
============ Room: D2 Capacity: 50 ============
[	118	][	0	][	0	][	0	][	0	]
[	0	][	0	][	28	][	0	][	0	]
[	0	][	0	][	0	][	0	][	123	]
[	94	][	98	][	75	][	3	][	29	]
============ Room: D3 Capacity: 50 ============
[	69	][	0	][	0	][	0	][	157	]
[	139	][	31	][	7	][	137	][	144	]
[	0	][	74	][	158	][	70	][	62	]
[	30	][	0	][	133	][	0	][	37	]
============ Room: D45 Capacity: 40 ============
[	63	][	122	][	0	][	0	][	0	]
[	76	][	92	][	0	][	61	][	0	]
[	77	][	6	][	73	][	0	][	0	]
[	0	][	0	][	90	][	0	][	0	]
============ Room: D46 Capacity: 40 ============
[	0	][	146	][	0	][	0	][	0	]
[	119	][	0	][	0	][	32	][	0	]
[	4	][	0	][	27	][	0	][	138	]
[	0	][	0	][	0	][	131	][	0	]
============ Room: E1 Capacity: 350 ============
[	0	][	0	][	0	][	1	][	51	]
[	0	][	0	][	128	][	71	][	18	]
[	24	][	142	][	116	][	0	][	89	]
[	0	][	2	][	0	][	0	][	72	]
============ Room: E35 Capacity: 40 ============
[	0	][	0	][	136	][	91	][	0	]
[	0	][	0	][	96	][	5	][	0	]
[	97	][	0	][	0	][	121	][	0	]
[	0	][	130	][	25	][	0	][	0	]
============ Room: E36 Capacity: 40 ============
[	0	][	0	][	117	][	132	][	145	]
[	95	][	93	][	0	][	0	][	0	]
[	143	][	38	][	26	][	0	][	0	]
[	0	][	99	][	0	][	0	][	159	]
============ Room: F1 Capacity: 300 ============
[	88	][	0	][	8	][	0	][	36	]
[	0	][	60	][	156	][	0	][	0	]
[	129	][	17	][	141	][	0	][	0	]
[	0	][	147	][	140	][	42	][	0	]
============ Room: SPEL Capacity: 40 ============
[	152	][	57	][	106	][	0	][	109	]
[	0	][	0	][	0	][	0	][	0	]
[	0	][	0	][	40	][	13	][	0	]
[	11	][	20	][	0	][	151	][	0	]
============ Room: SPOR Capacity: 30 ============
[	0	][	0	][	0	][	0	][	114	]
[	14	][	0	][	0	][	23	][	16	]
[	150	][	47	][	0	][	0	][	48	]
[	126	][	0	][	0	][	0	][	0	]
============ Room: MUSI Capacity: 40 ============
[	9	][	148	][	22	][	0	][	0	]
[	0	][	85	][	45	][	155	][	46	]
[	50	][	102	][	111	][	0	][	0	]
[	154	][	53	][	0	][	107	][	59	]
============ Room: ROD Capacity: 30 ============
[	55	][	0	][	0	][	0	][	0	]
[	0	][	80	][	0	][	112	][	0	]
[	124	][	43	][	0	][	12	][	0	]
[	84	][	19	][	52	][	35	][	0	]
============ Room: ORA Capacity: 30 ============
[	82	][	103	][	0	][	125	][	0	]
[	0	][	0	][	49	][	0	][	44	]
[	0	][	0	][	110	][	0	][	0	]
[	54	][	58	][	0	][	87	][	0	]
============ Room: VIO Capacity: 40 ============
[	0	][	34	][	105	][	149	][	0	]
[	33	][	15	][	41	][	115	][	0	]
[	0	][	0	][	0	][	100	][	153	]
[	0	][	83	][	66	][	21	][	67	]
============ Room: GRA Capacity: 30 ============
[	10	][	101	][	0	][	0	][	108	]
[	0	][	0	][	0	][	113	][	81	]
[	0	][	0	][	0	][	86	][	39	]
[	0	][	56	][	0	][	127	][	104	]
