Number of slots: 320
Number of events: 159
Sparseness: 0.496875

Globalit: 2021
Fitness: -4	 Created: 4069
Time: 4070ms

Hard broken: 0
Time limit: 90000
Initialtemperature: 4.3
InitialIterations: 10
My value: -6.83E-4
Stuck limit: 2147483647
Desired fitness: -4

============ Room: D1 Capacity: 200 ============
[	0	][	64	][	0	][	78	][	141	]
[	0	][	0	][	0	][	116	][	0	]
[	120	][	0	][	0	][	79	][	0	]
[	60	][	0	][	0	][	88	][	156	]
============ Room: D2 Capacity: 50 ============
[	130	][	121	][	117	][	0	][	0	]
[	74	][	131	][	0	][	98	][	0	]
[	138	][	70	][	0	][	0	][	146	]
[	0	][	0	][	0	][	0	][	0	]
============ Room: D3 Capacity: 50 ============
[	0	][	0	][	0	][	99	][	0	]
[	137	][	77	][	0	][	0	][	0	]
[	0	][	63	][	159	][	0	][	133	]
[	0	][	0	][	144	][	0	][	96	]
============ Room: D45 Capacity: 40 ============
[	0	][	0	][	25	][	0	][	31	]
[	0	][	30	][	158	][	97	][	0	]
[	0	][	92	][	37	][	0	][	93	]
[	3	][	0	][	28	][	38	][	122	]
============ Room: D46 Capacity: 40 ============
[	0	][	0	][	139	][	95	][	0	]
[	0	][	32	][	76	][	0	][	0	]
[	29	][	0	][	0	][	143	][	62	]
[	0	][	0	][	118	][	0	][	73	]
============ Room: E1 Capacity: 350 ============
[	0	][	0	][	142	][	0	][	0	]
[	18	][	51	][	24	][	0	][	0	]
[	89	][	17	][	0	][	42	][	0	]
[	140	][	0	][	68	][	0	][	65	]
============ Room: E35 Capacity: 40 ============
[	0	][	0	][	136	][	157	][	26	]
[	0	][	90	][	123	][	0	][	0	]
[	0	][	145	][	6	][	61	][	94	]
[	0	][	0	][	0	][	27	][	0	]
============ Room: E36 Capacity: 40 ============
[	91	][	4	][	0	][	0	][	132	]
[	0	][	119	][	0	][	75	][	69	]
[	0	][	0	][	0	][	5	][	7	]
[	0	][	0	][	0	][	0	][	0	]
============ Room: F1 Capacity: 300 ============
[	0	][	129	][	72	][	0	][	2	]
[	0	][	147	][	135	][	0	][	1	]
[	0	][	8	][	0	][	0	][	0	]
[	71	][	36	][	134	][	128	][	0	]
============ Room: SPEL Capacity: 40 ============
[	11	][	84	][	153	][	0	][	67	]
[	100	][	0	][	0	][	0	][	126	]
[	0	][	45	][	0	][	113	][	124	]
[	105	][	0	][	80	][	125	][	20	]
============ Room: SPOR Capacity: 30 ============
[	0	][	0	][	14	][	0	][	109	]
[	0	][	0	][	0	][	0	][	0	]
[	10	][	0	][	0	][	150	][	0	]
[	0	][	0	][	101	][	0	][	0	]
============ Room: MUSI Capacity: 40 ============
[	148	][	0	][	0	][	0	][	0	]
[	0	][	15	][	33	][	16	][	23	]
[	86	][	47	][	49	][	39	][	35	]
[	0	][	50	][	48	][	85	][	0	]
============ Room: ROD Capacity: 30 ============
[	22	][	54	][	52	][	127	][	0	]
[	0	][	0	][	0	][	12	][	56	]
[	81	][	0	][	0	][	0	][	0	]
[	149	][	0	][	106	][	0	][	0	]
============ Room: ORA Capacity: 30 ============
[	0	][	0	][	152	][	59	][	0	]
[	0	][	0	][	53	][	0	][	104	]
[	40	][	155	][	66	][	110	][	55	]
[	0	][	0	][	102	][	44	][	21	]
============ Room: VIO Capacity: 40 ============
[	58	][	87	][	57	][	0	][	0	]
[	0	][	0	][	0	][	0	][	0	]
[	13	][	0	][	103	][	0	][	154	]
[	41	][	111	][	43	][	0	][	34	]
============ Room: GRA Capacity: 30 ============
[	151	][	0	][	115	][	0	][	114	]
[	0	][	0	][	108	][	0	][	0	]
[	9	][	83	][	107	][	0	][	19	]
[	46	][	112	][	0	][	82	][	0	]
