Number of slots: 320
Number of events: 159
Sparseness: 0.496875

Globalit: 3321
Fitness: -4	 Created: 6674
Time: 6676ms

Hard broken: 0
Time limit: 90000
Initialtemperature: 4.3
InitialIterations: 10
My value: -6.83E-4
Stuck limit: 2147483647
Desired fitness: -4

============ Room: D1 Capacity: 200 ============
[	0	][	0	][	71	][	156	][	0	]
[	116	][	72	][	2	][	128	][	36	]
[	140	][	0	][	0	][	0	][	0	]
[	51	][	0	][	147	][	0	][	0	]
============ Room: D2 Capacity: 50 ============
[	7	][	0	][	0	][	0	][	76	]
[	0	][	0	][	0	][	30	][	97	]
[	75	][	0	][	118	][	0	][	25	]
[	90	][	130	][	29	][	0	][	0	]
============ Room: D3 Capacity: 50 ============
[	136	][	96	][	0	][	119	][	0	]
[	138	][	0	][	0	][	0	][	131	]
[	0	][	158	][	94	][	146	][	0	]
[	93	][	38	][	0	][	5	][	0	]
============ Room: D45 Capacity: 40 ============
[	0	][	6	][	0	][	117	][	123	]
[	62	][	0	][	77	][	4	][	0	]
[	27	][	0	][	92	][	0	][	31	]
[	121	][	0	][	0	][	0	][	0	]
============ Room: D46 Capacity: 40 ============
[	0	][	0	][	0	][	0	][	0	]
[	98	][	37	][	0	][	73	][	0	]
[	0	][	0	][	32	][	0	][	26	]
[	0	][	95	][	0	][	137	][	132	]
============ Room: E1 Capacity: 350 ============
[	18	][	24	][	135	][	0	][	0	]
[	0	][	134	][	0	][	89	][	0	]
[	0	][	0	][	79	][	17	][	141	]
[	142	][	120	][	0	][	78	][	60	]
============ Room: E35 Capacity: 40 ============
[	122	][	0	][	28	][	143	][	0	]
[	99	][	69	][	0	][	0	][	133	]
[	91	][	0	][	0	][	144	][	0	]
[	0	][	0	][	74	][	0	][	70	]
============ Room: E36 Capacity: 40 ============
[	0	][	0	][	0	][	3	][	159	]
[	0	][	0	][	0	][	63	][	61	]
[	0	][	157	][	0	][	0	][	0	]
[	0	][	145	][	0	][	139	][	0	]
============ Room: F1 Capacity: 300 ============
[	0	][	0	][	0	][	0	][	129	]
[	68	][	64	][	88	][	42	][	0	]
[	0	][	0	][	0	][	0	][	0	]
[	8	][	1	][	65	][	0	][	0	]
============ Room: SPEL Capacity: 40 ============
[	0	][	0	][	0	][	0	][	0	]
[	0	][	23	][	47	][	149	][	0	]
[	50	][	0	][	0	][	33	][	52	]
[	0	][	44	][	9	][	0	][	84	]
============ Room: SPOR Capacity: 30 ============
[	34	][	0	][	0	][	67	][	41	]
[	83	][	0	][	0	][	0	][	153	]
[	49	][	21	][	148	][	151	][	16	]
[	0	][	20	][	0	][	126	][	12	]
============ Room: MUSI Capacity: 40 ============
[	59	][	0	][	108	][	86	][	13	]
[	154	][	113	][	0	][	0	][	0	]
[	125	][	0	][	0	][	45	][	150	]
[	0	][	0	][	14	][	0	][	105	]
============ Room: ROD Capacity: 30 ============
[	0	][	80	][	0	][	58	][	54	]
[	0	][	0	][	22	][	0	][	0	]
[	0	][	35	][	48	][	0	][	81	]
[	0	][	0	][	111	][	104	][	87	]
============ Room: ORA Capacity: 30 ============
[	0	][	0	][	66	][	102	][	107	]
[	53	][	109	][	0	][	0	][	82	]
[	0	][	101	][	0	][	115	][	0	]
[	0	][	0	][	43	][	124	][	103	]
============ Room: VIO Capacity: 40 ============
[	110	][	127	][	0	][	55	][	0	]
[	0	][	155	][	40	][	0	][	0	]
[	15	][	106	][	0	][	85	][	0	]
[	0	][	0	][	0	][	39	][	56	]
============ Room: GRA Capacity: 30 ============
[	114	][	57	][	152	][	0	][	100	]
[	0	][	11	][	0	][	0	][	0	]
[	46	][	0	][	19	][	112	][	0	]
[	0	][	0	][	10	][	0	][	0	]
