Number of slots: 320
Number of events: 159
Sparseness: 0.496875

Globalit: 1636
Fitness: -4	 Created: 3286
Time: 3287ms

Hard broken: 0
Time limit: 90000
Initialtemperature: 4.3
InitialIterations: 10
My value: -6.83E-4
Stuck limit: 2147483647
Desired fitness: -4

============ Room: D1 Capacity: 200 ============
[	89	][	0	][	71	][	120	][	0	]
[	2	][	0	][	0	][	0	][	64	]
[	147	][	0	][	0	][	0	][	0	]
[	0	][	0	][	0	][	0	][	0	]
============ Room: D2 Capacity: 50 ============
[	130	][	0	][	31	][	91	][	144	]
[	0	][	0	][	0	][	6	][	0	]
[	123	][	0	][	0	][	28	][	0	]
[	92	][	159	][	0	][	77	][	0	]
============ Room: D3 Capacity: 50 ============
[	0	][	0	][	0	][	0	][	0	]
[	118	][	0	][	0	][	158	][	32	]
[	62	][	5	][	0	][	75	][	73	]
[	27	][	122	][	76	][	74	][	97	]
============ Room: D45 Capacity: 40 ============
[	0	][	37	][	0	][	138	][	63	]
[	0	][	0	][	0	][	0	][	90	]
[	0	][	0	][	0	][	137	][	0	]
[	157	][	0	][	0	][	3	][	0	]
============ Room: D46 Capacity: 40 ============
[	131	][	0	][	139	][	0	][	94	]
[	99	][	0	][	25	][	0	][	0	]
[	0	][	98	][	0	][	0	][	0	]
[	0	][	132	][	0	][	0	][	95	]
============ Room: E1 Capacity: 350 ============
[	156	][	0	][	51	][	0	][	36	]
[	0	][	78	][	142	][	24	][	0	]
[	0	][	65	][	0	][	0	][	88	]
[	0	][	141	][	0	][	0	][	79	]
============ Room: E35 Capacity: 40 ============
[	0	][	70	][	0	][	0	][	93	]
[	29	][	61	][	0	][	133	][	0	]
[	0	][	117	][	0	][	0	][	0	]
[	145	][	7	][	0	][	0	][	143	]
============ Room: E36 Capacity: 40 ============
[	0	][	26	][	0	][	0	][	0	]
[	0	][	121	][	0	][	119	][	4	]
[	0	][	0	][	69	][	38	][	136	]
[	0	][	30	][	146	][	0	][	96	]
============ Room: F1 Capacity: 300 ============
[	72	][	1	][	116	][	18	][	129	]
[	0	][	8	][	0	][	0	][	128	]
[	17	][	140	][	0	][	68	][	60	]
[	0	][	0	][	42	][	134	][	135	]
============ Room: SPEL Capacity: 40 ============
[	0	][	0	][	0	][	151	][	149	]
[	0	][	0	][	112	][	103	][	0	]
[	0	][	84	][	0	][	0	][	0	]
[	81	][	0	][	126	][	53	][	55	]
============ Room: SPOR Capacity: 30 ============
[	0	][	0	][	115	][	0	][	46	]
[	0	][	0	][	10	][	0	][	125	]
[	86	][	0	][	83	][	0	][	0	]
[	41	][	114	][	0	][	111	][	15	]
============ Room: MUSI Capacity: 40 ============
[	0	][	0	][	152	][	0	][	0	]
[	50	][	47	][	155	][	66	][	153	]
[	0	][	0	][	45	][	108	][	67	]
[	0	][	0	][	19	][	0	][	54	]
============ Room: ROD Capacity: 30 ============
[	0	][	0	][	0	][	85	][	13	]
[	0	][	0	][	9	][	87	][	22	]
[	0	][	52	][	0	][	58	][	0	]
[	0	][	0	][	102	][	33	][	39	]
============ Room: ORA Capacity: 30 ============
[	34	][	59	][	109	][	0	][	20	]
[	0	][	106	][	11	][	105	][	127	]
[	16	][	0	][	0	][	0	][	21	]
[	0	][	110	][	35	][	0	][	124	]
============ Room: VIO Capacity: 40 ============
[	0	][	154	][	113	][	0	][	0	]
[	0	][	100	][	0	][	0	][	44	]
[	0	][	0	][	0	][	0	][	49	]
[	0	][	0	][	107	][	0	][	150	]
============ Room: GRA Capacity: 30 ============
[	57	][	104	][	0	][	14	][	12	]
[	0	][	0	][	0	][	56	][	0	]
[	40	][	80	][	48	][	148	][	0	]
[	43	][	82	][	101	][	23	][	0	]
