Number of slots: 320
Number of events: 159
Sparseness: 0.496875

Globalit: 1913
Fitness: -4	 Created: 3785
Time: 3786ms

Hard broken: 0
Time limit: 90000
Initialtemperature: 4.3
InitialIterations: 10
My value: -6.83E-4
Stuck limit: 2147483647
Desired fitness: -4

============ Room: D1 Capacity: 200 ============
[	141	][	0	][	42	][	2	][	0	]
[	0	][	36	][	89	][	79	][	135	]
[	24	][	142	][	156	][	0	][	0	]
[	134	][	129	][	88	][	0	][	0	]
============ Room: D2 Capacity: 50 ============
[	5	][	0	][	118	][	0	][	0	]
[	0	][	0	][	0	][	0	][	0	]
[	38	][	0	][	0	][	0	][	0	]
[	98	][	0	][	123	][	75	][	99	]
============ Room: D3 Capacity: 50 ============
[	0	][	0	][	0	][	145	][	25	]
[	28	][	0	][	3	][	139	][	0	]
[	0	][	96	][	0	][	122	][	0	]
[	0	][	37	][	0	][	32	][	31	]
============ Room: D45 Capacity: 40 ============
[	119	][	0	][	0	][	91	][	0	]
[	0	][	73	][	0	][	7	][	0	]
[	0	][	62	][	0	][	143	][	61	]
[	0	][	0	][	29	][	0	][	4	]
============ Room: D46 Capacity: 40 ============
[	0	][	0	][	27	][	0	][	26	]
[	6	][	0	][	0	][	0	][	117	]
[	0	][	0	][	0	][	92	][	144	]
[	95	][	93	][	0	][	159	][	0	]
============ Room: E1 Capacity: 350 ============
[	72	][	0	][	140	][	0	][	0	]
[	64	][	0	][	0	][	0	][	0	]
[	1	][	120	][	0	][	65	][	147	]
[	0	][	0	][	71	][	0	][	128	]
============ Room: E35 Capacity: 40 ============
[	130	][	0	][	157	][	146	][	138	]
[	97	][	131	][	0	][	0	][	0	]
[	0	][	0	][	0	][	0	][	0	]
[	0	][	90	][	30	][	158	][	77	]
============ Room: E36 Capacity: 40 ============
[	63	][	132	][	69	][	74	][	0	]
[	76	][	0	][	137	][	0	][	0	]
[	133	][	0	][	0	][	0	][	70	]
[	0	][	94	][	0	][	136	][	121	]
============ Room: F1 Capacity: 300 ============
[	0	][	8	][	0	][	51	][	60	]
[	0	][	0	][	116	][	0	][	0	]
[	78	][	18	][	68	][	17	][	0	]
[	0	][	0	][	0	][	0	][	0	]
============ Room: SPEL Capacity: 40 ============
[	0	][	0	][	108	][	0	][	14	]
[	0	][	54	][	0	][	0	][	0	]
[	0	][	149	][	0	][	0	][	107	]
[	0	][	45	][	0	][	101	][	0	]
============ Room: SPOR Capacity: 30 ============
[	151	][	126	][	0	][	0	][	0	]
[	0	][	111	][	0	][	53	][	22	]
[	127	][	0	][	0	][	0	][	33	]
[	0	][	0	][	154	][	0	][	49	]
============ Room: MUSI Capacity: 40 ============
[	50	][	112	][	11	][	0	][	0	]
[	0	][	109	][	87	][	0	][	16	]
[	57	][	0	][	20	][	0	][	100	]
[	125	][	148	][	56	][	0	][	0	]
============ Room: ROD Capacity: 30 ============
[	104	][	55	][	0	][	0	][	0	]
[	0	][	0	][	0	][	152	][	0	]
[	0	][	0	][	102	][	81	][	47	]
[	0	][	83	][	13	][	124	][	0	]
============ Room: ORA Capacity: 30 ============
[	0	][	0	][	0	][	0	][	35	]
[	0	][	59	][	39	][	114	][	103	]
[	105	][	10	][	82	][	0	][	0	]
[	84	][	0	][	34	][	44	][	0	]
============ Room: VIO Capacity: 40 ============
[	48	][	40	][	41	][	19	][	0	]
[	0	][	115	][	150	][	0	][	0	]
[	58	][	0	][	85	][	0	][	15	]
[	12	][	21	][	0	][	23	][	0	]
============ Room: GRA Capacity: 30 ============
[	43	][	153	][	113	][	0	][	106	]
[	67	][	110	][	0	][	0	][	0	]
[	155	][	46	][	86	][	9	][	0	]
[	66	][	80	][	52	][	0	][	0	]
