Number of slots: 320
Number of events: 159
Sparseness: 0.496875

Globalit: 2638
Fitness: -4	 Created: 5305
Time: 5306ms

Hard broken: 0
Time limit: 90000
Initialtemperature: 4.3
InitialIterations: 10
My value: -6.83E-4
Stuck limit: 2147483647
Desired fitness: -4

============ Room: D1 Capacity: 200 ============
[	24	][	134	][	88	][	0	][	0	]
[	71	][	116	][	0	][	141	][	142	]
[	51	][	0	][	0	][	64	][	135	]
[	2	][	42	][	60	][	8	][	128	]
============ Room: D2 Capacity: 50 ============
[	0	][	0	][	0	][	0	][	0	]
[	62	][	61	][	143	][	0	][	30	]
[	96	][	0	][	0	][	137	][	0	]
[	0	][	0	][	0	][	93	][	99	]
============ Room: D3 Capacity: 50 ============
[	32	][	0	][	159	][	77	][	0	]
[	0	][	0	][	0	][	0	][	0	]
[	0	][	0	][	145	][	0	][	117	]
[	90	][	0	][	0	][	94	][	0	]
============ Room: D45 Capacity: 40 ============
[	0	][	0	][	74	][	123	][	0	]
[	157	][	0	][	37	][	0	][	0	]
[	0	][	5	][	63	][	0	][	70	]
[	132	][	0	][	158	][	118	][	27	]
============ Room: D46 Capacity: 40 ============
[	0	][	97	][	119	][	0	][	0	]
[	121	][	139	][	146	][	31	][	69	]
[	4	][	136	][	98	][	76	][	0	]
[	25	][	130	][	0	][	91	][	0	]
============ Room: E1 Capacity: 350 ============
[	0	][	0	][	0	][	0	][	0	]
[	65	][	140	][	0	][	0	][	0	]
[	18	][	78	][	0	][	0	][	0	]
[	0	][	0	][	79	][	17	][	0	]
============ Room: E35 Capacity: 40 ============
[	3	][	0	][	0	][	133	][	29	]
[	131	][	73	][	26	][	0	][	0	]
[	6	][	0	][	0	][	138	][	0	]
[	0	][	144	][	0	][	0	][	0	]
============ Room: E36 Capacity: 40 ============
[	0	][	0	][	0	][	0	][	0	]
[	28	][	0	][	0	][	0	][	0	]
[	38	][	0	][	122	][	7	][	0	]
[	92	][	75	][	0	][	0	][	95	]
============ Room: F1 Capacity: 300 ============
[	0	][	0	][	0	][	0	][	0	]
[	36	][	147	][	0	][	72	][	156	]
[	120	][	0	][	1	][	0	][	0	]
[	68	][	89	][	129	][	0	][	0	]
============ Room: SPEL Capacity: 40 ============
[	52	][	46	][	0	][	23	][	107	]
[	0	][	0	][	0	][	0	][	43	]
[	0	][	100	][	34	][	108	][	0	]
[	59	][	0	][	109	][	0	][	0	]
============ Room: SPOR Capacity: 30 ============
[	67	][	35	][	21	][	155	][	0	]
[	101	][	14	][	0	][	103	][	0	]
[	81	][	148	][	80	][	50	][	110	]
[	0	][	41	][	66	][	151	][	125	]
============ Room: MUSI Capacity: 40 ============
[	104	][	22	][	55	][	57	][	47	]
[	0	][	0	][	0	][	0	][	45	]
[	154	][	105	][	56	][	0	][	10	]
[	152	][	0	][	48	][	0	][	53	]
============ Room: ROD Capacity: 30 ============
[	83	][	20	][	0	][	0	][	127	]
[	58	][	0	][	0	][	0	][	102	]
[	0	][	49	][	0	][	0	][	114	]
[	84	][	126	][	0	][	0	][	0	]
============ Room: ORA Capacity: 30 ============
[	0	][	150	][	0	][	9	][	0	]
[	0	][	0	][	153	][	0	][	0	]
[	0	][	0	][	0	][	19	][	0	]
[	82	][	11	][	111	][	0	][	33	]
============ Room: VIO Capacity: 40 ============
[	54	][	149	][	0	][	113	][	85	]
[	0	][	16	][	13	][	0	][	0	]
[	87	][	0	][	0	][	0	][	0	]
[	0	][	0	][	112	][	0	][	0	]
============ Room: GRA Capacity: 30 ============
[	0	][	0	][	15	][	0	][	12	]
[	0	][	39	][	106	][	124	][	0	]
[	86	][	0	][	0	][	0	][	115	]
[	0	][	0	][	44	][	40	][	0	]
