Number of slots: 320
Number of events: 159
Sparseness: 0.496875

Globalit: 2247
Fitness: -4	 Created: 4488
Time: 4488ms

Hard broken: 0
Time limit: 90000
Initialtemperature: 4.3
InitialIterations: 10
My value: -6.83E-4
Stuck limit: 2147483647
Desired fitness: -4

============ Room: D1 Capacity: 200 ============
[	142	][	134	][	0	][	0	][	68	]
[	79	][	128	][	0	][	0	][	0	]
[	0	][	0	][	0	][	1	][	2	]
[	0	][	78	][	72	][	0	][	0	]
============ Room: D2 Capacity: 50 ============
[	0	][	0	][	0	][	69	][	122	]
[	136	][	0	][	118	][	3	][	29	]
[	0	][	0	][	91	][	0	][	0	]
[	0	][	0	][	5	][	0	][	146	]
============ Room: D3 Capacity: 50 ============
[	27	][	0	][	0	][	0	][	0	]
[	123	][	0	][	0	][	159	][	98	]
[	0	][	0	][	0	][	38	][	32	]
[	0	][	0	][	4	][	37	][	99	]
============ Room: D45 Capacity: 40 ============
[	0	][	0	][	94	][	30	][	0	]
[	0	][	6	][	0	][	0	][	0	]
[	0	][	121	][	28	][	130	][	26	]
[	73	][	0	][	0	][	7	][	96	]
============ Room: D46 Capacity: 40 ============
[	0	][	62	][	158	][	0	][	139	]
[	92	][	0	][	138	][	75	][	0	]
[	0	][	0	][	133	][	0	][	0	]
[	132	][	61	][	0	][	144	][	74	]
============ Room: E1 Capacity: 350 ============
[	0	][	116	][	120	][	156	][	0	]
[	0	][	0	][	71	][	51	][	147	]
[	129	][	140	][	0	][	64	][	0	]
[	0	][	0	][	0	][	42	][	0	]
============ Room: E35 Capacity: 40 ============
[	0	][	0	][	137	][	131	][	0	]
[	90	][	157	][	0	][	31	][	95	]
[	93	][	76	][	0	][	0	][	143	]
[	63	][	0	][	0	][	77	][	145	]
============ Room: E36 Capacity: 40 ============
[	25	][	0	][	0	][	0	][	0	]
[	0	][	0	][	0	][	0	][	0	]
[	119	][	70	][	0	][	0	][	0	]
[	117	][	0	][	0	][	0	][	97	]
============ Room: F1 Capacity: 300 ============
[	0	][	0	][	18	][	0	][	89	]
[	8	][	0	][	0	][	141	][	0	]
[	36	][	88	][	0	][	65	][	60	]
[	0	][	17	][	24	][	135	][	0	]
============ Room: SPEL Capacity: 40 ============
[	12	][	0	][	0	][	108	][	44	]
[	0	][	35	][	23	][	101	][	0	]
[	0	][	50	][	14	][	0	][	54	]
[	40	][	57	][	0	][	0	][	0	]
============ Room: SPOR Capacity: 30 ============
[	66	][	0	][	0	][	110	][	21	]
[	148	][	106	][	100	][	0	][	16	]
[	0	][	0	][	0	][	82	][	52	]
[	103	][	39	][	0	][	0	][	0	]
============ Room: MUSI Capacity: 40 ============
[	0	][	109	][	0	][	33	][	0	]
[	0	][	0	][	10	][	0	][	0	]
[	80	][	0	][	15	][	0	][	0	]
[	67	][	126	][	34	][	19	][	0	]
============ Room: ROD Capacity: 30 ============
[	86	][	9	][	0	][	0	][	0	]
[	0	][	105	][	46	][	107	][	125	]
[	153	][	149	][	43	][	111	][	0	]
[	0	][	0	][	0	][	0	][	22	]
============ Room: ORA Capacity: 30 ============
[	0	][	0	][	83	][	0	][	152	]
[	0	][	0	][	150	][	124	][	59	]
[	85	][	0	][	0	][	0	][	0	]
[	0	][	0	][	48	][	154	][	0	]
============ Room: VIO Capacity: 40 ============
[	49	][	112	][	0	][	114	][	0	]
[	0	][	0	][	41	][	20	][	84	]
[	47	][	0	][	127	][	81	][	113	]
[	0	][	53	][	151	][	115	][	45	]
============ Room: GRA Capacity: 30 ============
[	0	][	0	][	55	][	11	][	155	]
[	0	][	0	][	0	][	102	][	0	]
[	0	][	0	][	87	][	58	][	56	]
[	0	][	13	][	104	][	0	][	0	]
