Number of slots: 320
Number of events: 159
Sparseness: 0.496875

Globalit: 8590
Fitness: -4	 Created: 17067
Time: 17067ms

Hard broken: 0
Time limit: 90000
Initialtemperature: 4.3
InitialIterations: 10
My value: -6.83E-4
Stuck limit: 2147483647
Desired fitness: -4

============ Room: D1 Capacity: 200 ============
[	79	][	0	][	128	][	71	][	89	]
[	8	][	78	][	0	][	0	][	129	]
[	60	][	120	][	141	][	0	][	17	]
[	18	][	0	][	0	][	0	][	135	]
============ Room: D2 Capacity: 50 ============
[	70	][	28	][	90	][	0	][	0	]
[	131	][	0	][	0	][	0	][	0	]
[	6	][	73	][	0	][	25	][	32	]
[	0	][	139	][	0	][	0	][	4	]
============ Room: D3 Capacity: 50 ============
[	0	][	132	][	94	][	0	][	0	]
[	37	][	117	][	0	][	0	][	30	]
[	5	][	138	][	0	][	137	][	0	]
[	0	][	158	][	0	][	0	][	0	]
============ Room: D45 Capacity: 40 ============
[	0	][	91	][	3	][	0	][	74	]
[	27	][	0	][	62	][	0	][	0	]
[	7	][	0	][	0	][	98	][	118	]
[	119	][	0	][	0	][	0	][	145	]
============ Room: D46 Capacity: 40 ============
[	31	][	0	][	93	][	99	][	0	]
[	97	][	0	][	0	][	0	][	0	]
[	123	][	0	][	133	][	96	][	159	]
[	0	][	121	][	0	][	95	][	69	]
============ Room: E1 Capacity: 350 ============
[	0	][	0	][	147	][	0	][	0	]
[	0	][	0	][	140	][	116	][	0	]
[	0	][	24	][	68	][	0	][	0	]
[	0	][	51	][	0	][	0	][	0	]
============ Room: E35 Capacity: 40 ============
[	0	][	61	][	92	][	63	][	38	]
[	0	][	0	][	0	][	0	][	0	]
[	0	][	0	][	130	][	0	][	0	]
[	157	][	0	][	0	][	0	][	0	]
============ Room: E36 Capacity: 40 ============
[	144	][	0	][	76	][	0	][	77	]
[	26	][	29	][	0	][	0	][	122	]
[	75	][	0	][	0	][	0	][	146	]
[	0	][	0	][	136	][	0	][	143	]
============ Room: F1 Capacity: 300 ============
[	1	][	0	][	0	][	134	][	42	]
[	0	][	88	][	36	][	142	][	156	]
[	0	][	0	][	0	][	0	][	0	]
[	65	][	72	][	0	][	2	][	64	]
============ Room: SPEL Capacity: 40 ============
[	0	][	43	][	0	][	0	][	125	]
[	0	][	0	][	102	][	0	][	58	]
[	0	][	11	][	0	][	84	][	48	]
[	80	][	21	][	101	][	0	][	0	]
============ Room: SPOR Capacity: 30 ============
[	0	][	44	][	0	][	0	][	9	]
[	0	][	14	][	104	][	0	][	108	]
[	0	][	0	][	109	][	0	][	111	]
[	0	][	0	][	0	][	0	][	52	]
============ Room: MUSI Capacity: 40 ============
[	0	][	0	][	0	][	59	][	153	]
[	0	][	150	][	107	][	100	][	0	]
[	113	][	0	][	152	][	0	][	112	]
[	0	][	20	][	35	][	0	][	0	]
============ Room: ROD Capacity: 30 ============
[	0	][	15	][	0	][	0	][	0	]
[	154	][	40	][	46	][	12	][	115	]
[	0	][	41	][	85	][	56	][	10	]
[	114	][	66	][	0	][	0	][	82	]
============ Room: ORA Capacity: 30 ============
[	155	][	0	][	19	][	39	][	0	]
[	0	][	0	][	0	][	13	][	34	]
[	47	][	0	][	110	][	53	][	0	]
[	54	][	0	][	45	][	0	][	148	]
============ Room: VIO Capacity: 40 ============
[	23	][	124	][	22	][	0	][	67	]
[	0	][	149	][	105	][	81	][	87	]
[	0	][	0	][	49	][	0	][	83	]
[	0	][	106	][	127	][	126	][	0	]
============ Room: GRA Capacity: 30 ============
[	0	][	0	][	57	][	55	][	0	]
[	0	][	0	][	103	][	86	][	0	]
[	0	][	0	][	50	][	16	][	0	]
[	0	][	0	][	33	][	151	][	0	]
