Number of slots: 320
Number of events: 159
Sparseness: 0.496875

Globalit: 11504
Fitness: -4	 Created: 22403
Time: 22404ms

Hard broken: 0
Time limit: 90000
Initialtemperature: 4.3
InitialIterations: 10
My value: -6.83E-4
Stuck limit: 2147483647
Desired fitness: -4

============ Room: D1 Capacity: 200 ============
[	0	][	0	][	0	][	147	][	0	]
[	1	][	17	][	0	][	0	][	18	]
[	0	][	128	][	68	][	142	][	71	]
[	129	][	0	][	72	][	24	][	0	]
============ Room: D2 Capacity: 50 ============
[	98	][	0	][	0	][	0	][	0	]
[	0	][	0	][	157	][	0	][	32	]
[	0	][	94	][	0	][	132	][	0	]
[	0	][	0	][	0	][	0	][	0	]
============ Room: D3 Capacity: 50 ============
[	158	][	0	][	159	][	130	][	6	]
[	99	][	0	][	92	][	137	][	146	]
[	0	][	70	][	0	][	69	][	96	]
[	0	][	38	][	0	][	61	][	0	]
============ Room: D45 Capacity: 40 ============
[	4	][	123	][	117	][	0	][	138	]
[	29	][	0	][	0	][	0	][	0	]
[	0	][	74	][	73	][	0	][	0	]
[	0	][	0	][	63	][	145	][	0	]
============ Room: D46 Capacity: 40 ============
[	139	][	0	][	0	][	37	][	0	]
[	118	][	93	][	90	][	30	][	0	]
[	0	][	75	][	0	][	0	][	122	]
[	144	][	27	][	0	][	0	][	26	]
============ Room: E1 Capacity: 350 ============
[	0	][	0	][	64	][	140	][	120	]
[	0	][	79	][	51	][	65	][	88	]
[	78	][	156	][	89	][	36	][	0	]
[	0	][	8	][	0	][	0	][	0	]
============ Room: E35 Capacity: 40 ============
[	0	][	0	][	95	][	97	][	76	]
[	143	][	0	][	3	][	0	][	136	]
[	62	][	0	][	0	][	131	][	5	]
[	0	][	0	][	0	][	0	][	25	]
============ Room: E36 Capacity: 40 ============
[	119	][	0	][	0	][	28	][	77	]
[	133	][	0	][	121	][	91	][	0	]
[	0	][	0	][	0	][	0	][	7	]
[	31	][	0	][	0	][	0	][	0	]
============ Room: F1 Capacity: 300 ============
[	141	][	135	][	0	][	0	][	0	]
[	0	][	0	][	0	][	116	][	0	]
[	0	][	0	][	134	][	2	][	0	]
[	0	][	60	][	0	][	0	][	42	]
============ Room: SPEL Capacity: 40 ============
[	35	][	114	][	0	][	56	][	0	]
[	0	][	57	][	0	][	82	][	87	]
[	0	][	126	][	46	][	0	][	20	]
[	103	][	49	][	66	][	55	][	10	]
============ Room: SPOR Capacity: 30 ============
[	0	][	43	][	0	][	16	][	0	]
[	0	][	124	][	80	][	150	][	0	]
[	0	][	12	][	0	][	0	][	0	]
[	0	][	127	][	149	][	84	][	41	]
============ Room: MUSI Capacity: 40 ============
[	0	][	0	][	0	][	67	][	0	]
[	148	][	0	][	86	][	45	][	0	]
[	13	][	33	][	0	][	0	][	0	]
[	0	][	110	][	104	][	155	][	83	]
============ Room: ROD Capacity: 30 ============
[	0	][	153	][	34	][	0	][	154	]
[	0	][	125	][	19	][	48	][	81	]
[	107	][	0	][	0	][	0	][	0	]
[	0	][	44	][	0	][	0	][	0	]
============ Room: ORA Capacity: 30 ============
[	0	][	112	][	58	][	0	][	108	]
[	0	][	0	][	0	][	0	][	52	]
[	39	][	0	][	21	][	0	][	0	]
[	15	][	0	][	50	][	106	][	0	]
============ Room: VIO Capacity: 40 ============
[	0	][	11	][	0	][	0	][	109	]
[	47	][	40	][	22	][	0	][	14	]
[	102	][	0	][	0	][	59	][	0	]
[	53	][	0	][	0	][	0	][	105	]
============ Room: GRA Capacity: 30 ============
[	0	][	113	][	54	][	0	][	111	]
[	151	][	152	][	0	][	85	][	0	]
[	0	][	9	][	0	][	23	][	0	]
[	0	][	115	][	100	][	0	][	101	]
