Number of slots: 320
Number of events: 159
Sparseness: 0.496875

Globalit: 2562
Fitness: -4	 Created: 5095
Time: 5095ms

Hard broken: 0
Time limit: 90000
Initialtemperature: 4.3
InitialIterations: 10
My value: -6.83E-4
Stuck limit: 2147483647
Desired fitness: -4

============ Room: D1 Capacity: 200 ============
[	65	][	78	][	24	][	0	][	0	]
[	140	][	79	][	0	][	0	][	0	]
[	60	][	156	][	64	][	0	][	0	]
[	0	][	120	][	116	][	0	][	0	]
============ Room: D2 Capacity: 50 ============
[	98	][	121	][	0	][	0	][	90	]
[	0	][	0	][	92	][	0	][	0	]
[	117	][	0	][	0	][	158	][	3	]
[	131	][	0	][	159	][	73	][	0	]
============ Room: D3 Capacity: 50 ============
[	62	][	99	][	0	][	27	][	0	]
[	0	][	0	][	61	][	137	][	0	]
[	0	][	38	][	0	][	7	][	0	]
[	0	][	28	][	133	][	0	][	0	]
============ Room: D45 Capacity: 40 ============
[	0	][	122	][	0	][	25	][	0	]
[	4	][	145	][	0	][	95	][	0	]
[	26	][	0	][	30	][	0	][	5	]
[	31	][	0	][	132	][	0	][	29	]
============ Room: D46 Capacity: 40 ============
[	32	][	97	][	69	][	63	][	93	]
[	0	][	94	][	0	][	96	][	0	]
[	0	][	0	][	6	][	138	][	0	]
[	119	][	0	][	75	][	0	][	74	]
============ Room: E1 Capacity: 350 ============
[	71	][	0	][	0	][	0	][	1	]
[	17	][	0	][	0	][	0	][	42	]
[	0	][	0	][	135	][	18	][	134	]
[	89	][	0	][	8	][	128	][	51	]
============ Room: E35 Capacity: 40 ============
[	0	][	0	][	0	][	0	][	157	]
[	0	][	0	][	0	][	0	][	0	]
[	144	][	146	][	91	][	0	][	143	]
[	0	][	0	][	0	][	70	][	118	]
============ Room: E36 Capacity: 40 ============
[	0	][	123	][	0	][	139	][	0	]
[	0	][	130	][	0	][	0	][	77	]
[	0	][	0	][	0	][	0	][	37	]
[	0	][	136	][	0	][	0	][	76	]
============ Room: F1 Capacity: 300 ============
[	0	][	0	][	129	][	0	][	68	]
[	0	][	2	][	0	][	0	][	142	]
[	0	][	0	][	0	][	141	][	72	]
[	147	][	0	][	88	][	36	][	0	]
============ Room: SPEL Capacity: 40 ============
[	152	][	35	][	126	][	0	][	0	]
[	127	][	47	][	0	][	0	][	105	]
[	115	][	101	][	85	][	0	][	0	]
[	52	][	112	][	0	][	0	][	0	]
============ Room: SPOR Capacity: 30 ============
[	10	][	0	][	110	][	0	][	0	]
[	108	][	0	][	0	][	150	][	39	]
[	84	][	0	][	148	][	114	][	113	]
[	0	][	0	][	0	][	125	][	0	]
============ Room: MUSI Capacity: 40 ============
[	11	][	13	][	57	][	106	][	46	]
[	67	][	0	][	124	][	0	][	0	]
[	0	][	100	][	0	][	40	][	155	]
[	0	][	154	][	0	][	0	][	0	]
============ Room: ROD Capacity: 30 ============
[	0	][	14	][	0	][	153	][	0	]
[	0	][	49	][	149	][	54	][	0	]
[	16	][	104	][	0	][	0	][	0	]
[	0	][	0	][	33	][	0	][	0	]
============ Room: ORA Capacity: 30 ============
[	22	][	9	][	86	][	15	][	23	]
[	58	][	48	][	83	][	0	][	0	]
[	0	][	102	][	0	][	0	][	66	]
[	21	][	82	][	0	][	45	][	0	]
============ Room: VIO Capacity: 40 ============
[	0	][	50	][	109	][	43	][	19	]
[	0	][	0	][	34	][	0	][	0	]
[	0	][	53	][	0	][	0	][	0	]
[	55	][	0	][	0	][	103	][	0	]
============ Room: GRA Capacity: 30 ============
[	0	][	0	][	59	][	107	][	87	]
[	151	][	20	][	0	][	0	][	41	]
[	80	][	81	][	0	][	44	][	56	]
[	0	][	111	][	0	][	12	][	0	]
