Number of slots: 320
Number of events: 159
Sparseness: 0.496875

Globalit: 3274
Fitness: -4	 Created: 7526
Time: 7526ms

Hard broken: 0
Time limit: 90000
Initialtemperature: 4.3
InitialIterations: 10
My value: -6.83E-4
Stuck limit: 2147483647
Desired fitness: -4

============ Room: D1 Capacity: 200 ============
[	0	][	36	][	0	][	134	][	0	]
[	0	][	8	][	60	][	0	][	0	]
[	24	][	71	][	140	][	2	][	135	]
[	0	][	0	][	89	][	141	][	51	]
============ Room: D2 Capacity: 50 ============
[	0	][	0	][	0	][	145	][	0	]
[	139	][	0	][	0	][	136	][	158	]
[	61	][	0	][	0	][	27	][	38	]
[	0	][	4	][	0	][	5	][	0	]
============ Room: D3 Capacity: 50 ============
[	29	][	0	][	0	][	63	][	0	]
[	0	][	0	][	0	][	0	][	0	]
[	32	][	0	][	0	][	99	][	69	]
[	0	][	0	][	144	][	0	][	0	]
============ Room: D45 Capacity: 40 ============
[	143	][	0	][	0	][	0	][	118	]
[	119	][	0	][	117	][	146	][	74	]
[	77	][	122	][	0	][	132	][	0	]
[	28	][	137	][	0	][	0	][	94	]
============ Room: D46 Capacity: 40 ============
[	37	][	0	][	159	][	7	][	0	]
[	93	][	0	][	92	][	0	][	123	]
[	0	][	131	][	0	][	97	][	121	]
[	0	][	3	][	0	][	130	][	76	]
============ Room: E1 Capacity: 350 ============
[	0	][	78	][	79	][	0	][	156	]
[	147	][	0	][	0	][	120	][	129	]
[	0	][	0	][	1	][	0	][	0	]
[	72	][	42	][	0	][	64	][	0	]
============ Room: E35 Capacity: 40 ============
[	62	][	0	][	0	][	0	][	0	]
[	0	][	0	][	0	][	0	][	0	]
[	6	][	0	][	138	][	31	][	0	]
[	0	][	96	][	0	][	0	][	90	]
============ Room: E36 Capacity: 40 ============
[	0	][	0	][	30	][	0	][	0	]
[	73	][	0	][	75	][	91	][	25	]
[	0	][	157	][	98	][	133	][	70	]
[	95	][	26	][	0	][	0	][	0	]
============ Room: F1 Capacity: 300 ============
[	0	][	128	][	0	][	0	][	0	]
[	68	][	0	][	0	][	0	][	65	]
[	0	][	88	][	0	][	0	][	0	]
[	142	][	0	][	17	][	116	][	18	]
============ Room: SPEL Capacity: 40 ============
[	151	][	0	][	55	][	104	][	46	]
[	43	][	0	][	0	][	0	][	0	]
[	106	][	13	][	0	][	0	][	20	]
[	40	][	85	][	150	][	112	][	0	]
============ Room: SPOR Capacity: 30 ============
[	11	][	0	][	0	][	0	][	0	]
[	48	][	0	][	22	][	0	][	34	]
[	0	][	44	][	53	][	0	][	0	]
[	0	][	0	][	16	][	111	][	0	]
============ Room: MUSI Capacity: 40 ============
[	10	][	19	][	0	][	155	][	81	]
[	0	][	0	][	0	][	0	][	56	]
[	0	][	67	][	148	][	0	][	114	]
[	127	][	0	][	0	][	0	][	35	]
============ Room: ROD Capacity: 30 ============
[	101	][	105	][	0	][	0	][	0	]
[	0	][	52	][	0	][	0	][	113	]
[	153	][	0	][	124	][	154	][	0	]
[	58	][	0	][	50	][	0	][	9	]
============ Room: ORA Capacity: 30 ============
[	0	][	0	][	0	][	41	][	100	]
[	0	][	86	][	49	][	82	][	12	]
[	152	][	0	][	87	][	0	][	0	]
[	59	][	0	][	45	][	23	][	0	]
============ Room: VIO Capacity: 40 ============
[	54	][	0	][	66	][	107	][	0	]
[	14	][	125	][	0	][	33	][	110	]
[	103	][	0	][	0	][	47	][	0	]
[	0	][	149	][	0	][	0	][	0	]
============ Room: GRA Capacity: 30 ============
[	0	][	102	][	0	][	84	][	39	]
[	0	][	108	][	0	][	0	][	115	]
[	0	][	21	][	57	][	80	][	109	]
[	0	][	0	][	126	][	83	][	15	]
