Number of slots: 320
Number of events: 159
Sparseness: 0.496875

Globalit: 1383
Fitness: -4	 Created: 2745
Time: 2747ms

Hard broken: 0
Time limit: 90000
Initialtemperature: 4.3
InitialIterations: 10
My value: -6.83E-4
Stuck limit: 2147483647
Desired fitness: -4

============ Room: D1 Capacity: 200 ============
[	42	][	0	][	0	][	116	][	0	]
[	79	][	78	][	0	][	0	][	0	]
[	60	][	72	][	0	][	0	][	65	]
[	156	][	68	][	0	][	0	][	0	]
============ Room: D2 Capacity: 50 ============
[	122	][	0	][	31	][	0	][	0	]
[	157	][	0	][	0	][	0	][	73	]
[	37	][	0	][	0	][	0	][	98	]
[	0	][	123	][	0	][	32	][	0	]
============ Room: D3 Capacity: 50 ============
[	75	][	0	][	0	][	0	][	0	]
[	95	][	0	][	0	][	6	][	121	]
[	0	][	0	][	0	][	0	][	29	]
[	0	][	0	][	0	][	91	][	61	]
============ Room: D45 Capacity: 40 ============
[	0	][	0	][	25	][	0	][	0	]
[	0	][	0	][	5	][	146	][	70	]
[	132	][	30	][	62	][	138	][	158	]
[	0	][	0	][	94	][	90	][	0	]
============ Room: D46 Capacity: 40 ============
[	0	][	77	][	145	][	63	][	119	]
[	118	][	28	][	27	][	0	][	0	]
[	92	][	0	][	0	][	7	][	131	]
[	0	][	144	][	0	][	0	][	0	]
============ Room: E1 Capacity: 350 ============
[	140	][	2	][	0	][	129	][	89	]
[	0	][	36	][	0	][	0	][	0	]
[	17	][	0	][	8	][	0	][	0	]
[	0	][	88	][	0	][	18	][	0	]
============ Room: E35 Capacity: 40 ============
[	0	][	143	][	0	][	74	][	137	]
[	96	][	0	][	0	][	26	][	0	]
[	93	][	136	][	38	][	139	][	99	]
[	76	][	0	][	3	][	0	][	0	]
============ Room: E36 Capacity: 40 ============
[	0	][	0	][	117	][	0	][	0	]
[	159	][	0	][	69	][	0	][	130	]
[	4	][	0	][	133	][	0	][	97	]
[	0	][	0	][	0	][	0	][	0	]
============ Room: F1 Capacity: 300 ============
[	24	][	134	][	0	][	147	][	0	]
[	1	][	0	][	141	][	135	][	51	]
[	0	][	0	][	0	][	64	][	71	]
[	120	][	0	][	128	][	142	][	0	]
============ Room: SPEL Capacity: 40 ============
[	0	][	0	][	86	][	0	][	152	]
[	0	][	0	][	0	][	125	][	12	]
[	124	][	0	][	22	][	0	][	0	]
[	0	][	0	][	48	][	56	][	21	]
============ Room: SPOR Capacity: 30 ============
[	0	][	47	][	14	][	19	][	0	]
[	0	][	155	][	0	][	33	][	13	]
[	82	][	16	][	150	][	34	][	0	]
[	46	][	20	][	0	][	0	][	0	]
============ Room: MUSI Capacity: 40 ============
[	15	][	40	][	104	][	0	][	87	]
[	0	][	43	][	151	][	85	][	0	]
[	0	][	109	][	66	][	0	][	39	]
[	0	][	0	][	0	][	0	][	0	]
============ Room: ROD Capacity: 30 ============
[	114	][	0	][	0	][	50	][	11	]
[	0	][	108	][	58	][	0	][	0	]
[	0	][	113	][	110	][	101	][	0	]
[	0	][	153	][	0	][	80	][	100	]
============ Room: ORA Capacity: 30 ============
[	111	][	0	][	67	][	41	][	0	]
[	0	][	0	][	0	][	0	][	0	]
[	0	][	55	][	0	][	0	][	0	]
[	103	][	9	][	44	][	83	][	106	]
============ Room: VIO Capacity: 40 ============
[	0	][	154	][	49	][	107	][	0	]
[	35	][	112	][	102	][	0	][	148	]
[	0	][	0	][	127	][	0	][	57	]
[	0	][	54	][	0	][	0	][	81	]
============ Room: GRA Capacity: 30 ============
[	149	][	105	][	0	][	23	][	0	]
[	0	][	115	][	0	][	45	][	0	]
[	52	][	0	][	126	][	59	][	53	]
[	0	][	0	][	0	][	10	][	84	]
