Number of slots: 320
Number of events: 159
Sparseness: 0.496875

Globalit: 1847
Fitness: -4	 Created: 3733
Time: 3734ms

Hard broken: 0
Time limit: 90000
Initialtemperature: 4.3
InitialIterations: 10
My value: -6.83E-4
Stuck limit: 2147483647
Desired fitness: -4

============ Room: D1 Capacity: 200 ============
[	0	][	0	][	0	][	0	][	89	]
[	0	][	64	][	60	][	0	][	0	]
[	134	][	0	][	135	][	0	][	72	]
[	51	][	0	][	0	][	116	][	0	]
============ Room: D2 Capacity: 50 ============
[	0	][	0	][	0	][	0	][	0	]
[	158	][	27	][	0	][	0	][	157	]
[	91	][	37	][	0	][	0	][	117	]
[	0	][	0	][	136	][	69	][	5	]
============ Room: D3 Capacity: 50 ============
[	0	][	0	][	97	][	0	][	0	]
[	144	][	0	][	0	][	0	][	123	]
[	74	][	0	][	7	][	118	][	0	]
[	0	][	0	][	3	][	0	][	0	]
============ Room: D45 Capacity: 40 ============
[	0	][	28	][	130	][	92	][	138	]
[	145	][	0	][	32	][	70	][	95	]
[	93	][	119	][	0	][	29	][	0	]
[	0	][	0	][	0	][	0	][	6	]
============ Room: D46 Capacity: 40 ============
[	0	][	131	][	38	][	132	][	139	]
[	30	][	0	][	137	][	0	][	73	]
[	0	][	0	][	0	][	99	][	0	]
[	61	][	0	][	0	][	0	][	0	]
============ Room: E1 Capacity: 350 ============
[	129	][	1	][	0	][	24	][	2	]
[	0	][	0	][	8	][	156	][	17	]
[	147	][	0	][	0	][	128	][	68	]
[	18	][	78	][	79	][	36	][	0	]
============ Room: E35 Capacity: 40 ============
[	76	][	0	][	0	][	94	][	0	]
[	0	][	0	][	0	][	133	][	122	]
[	0	][	90	][	62	][	98	][	0	]
[	0	][	143	][	146	][	77	][	121	]
============ Room: E36 Capacity: 40 ============
[	0	][	31	][	0	][	0	][	0	]
[	0	][	26	][	75	][	4	][	159	]
[	25	][	0	][	63	][	0	][	0	]
[	0	][	0	][	0	][	96	][	0	]
============ Room: F1 Capacity: 300 ============
[	65	][	142	][	71	][	0	][	120	]
[	88	][	0	][	42	][	141	][	0	]
[	0	][	0	][	0	][	0	][	0	]
[	0	][	0	][	0	][	0	][	140	]
============ Room: SPEL Capacity: 40 ============
[	0	][	109	][	21	][	127	][	0	]
[	0	][	0	][	0	][	111	][	0	]
[	124	][	0	][	0	][	0	][	100	]
[	0	][	58	][	0	][	13	][	0	]
============ Room: SPOR Capacity: 30 ============
[	115	][	112	][	0	][	0	][	80	]
[	50	][	84	][	154	][	0	][	12	]
[	0	][	0	][	0	][	35	][	0	]
[	0	][	66	][	113	][	0	][	0	]
============ Room: MUSI Capacity: 40 ============
[	0	][	0	][	0	][	52	][	0	]
[	0	][	0	][	20	][	81	][	55	]
[	10	][	54	][	0	][	0	][	0	]
[	125	][	53	][	23	][	19	][	0	]
============ Room: ROD Capacity: 30 ============
[	151	][	114	][	0	][	82	][	0	]
[	0	][	34	][	103	][	0	][	33	]
[	39	][	0	][	105	][	0	][	102	]
[	0	][	0	][	0	][	0	][	67	]
============ Room: ORA Capacity: 30 ============
[	11	][	0	][	57	][	83	][	41	]
[	0	][	0	][	0	][	110	][	0	]
[	0	][	0	][	0	][	0	][	155	]
[	9	][	0	][	45	][	43	][	153	]
============ Room: VIO Capacity: 40 ============
[	0	][	0	][	22	][	0	][	0	]
[	44	][	87	][	0	][	47	][	0	]
[	126	][	0	][	48	][	59	][	106	]
[	16	][	101	][	0	][	15	][	0	]
============ Room: GRA Capacity: 30 ============
[	0	][	85	][	0	][	152	][	148	]
[	14	][	0	][	0	][	0	][	0	]
[	56	][	86	][	107	][	149	][	46	]
[	150	][	104	][	108	][	49	][	40	]
