Number of slots: 320
Number of events: 159
Sparseness: 0.496875

Globalit: 905
Fitness: -4	 Created: 1869
Time: 1870ms

Hard broken: 0
Time limit: 90000
Initialtemperature: 4.3
InitialIterations: 10
My value: -6.83E-4
Stuck limit: 2147483647
Desired fitness: -4

============ Room: D1 Capacity: 200 ============
[	0	][	0	][	0	][	0	][	68	]
[	0	][	0	][	0	][	0	][	36	]
[	0	][	0	][	60	][	65	][	0	]
[	0	][	0	][	24	][	140	][	120	]
============ Room: D2 Capacity: 50 ============
[	139	][	138	][	0	][	0	][	32	]
[	0	][	0	][	0	][	4	][	91	]
[	158	][	0	][	28	][	0	][	98	]
[	94	][	0	][	0	][	0	][	131	]
============ Room: D3 Capacity: 50 ============
[	159	][	92	][	122	][	0	][	137	]
[	0	][	25	][	74	][	143	][	93	]
[	0	][	38	][	97	][	0	][	0	]
[	0	][	0	][	0	][	0	][	63	]
============ Room: D45 Capacity: 40 ============
[	0	][	0	][	75	][	77	][	0	]
[	0	][	118	][	0	][	0	][	130	]
[	0	][	0	][	0	][	0	][	62	]
[	0	][	90	][	0	][	37	][	0	]
============ Room: D46 Capacity: 40 ============
[	0	][	70	][	0	][	0	][	157	]
[	31	][	5	][	0	][	6	][	0	]
[	144	][	0	][	99	][	0	][	0	]
[	27	][	30	][	146	][	0	][	0	]
============ Room: E1 Capacity: 350 ============
[	0	][	51	][	156	][	0	][	8	]
[	72	][	88	][	142	][	134	][	0	]
[	89	][	135	][	0	][	128	][	1	]
[	0	][	0	][	0	][	0	][	2	]
============ Room: E35 Capacity: 40 ============
[	73	][	0	][	145	][	132	][	123	]
[	0	][	7	][	0	][	0	][	61	]
[	76	][	0	][	95	][	96	][	0	]
[	0	][	29	][	136	][	3	][	0	]
============ Room: E36 Capacity: 40 ============
[	0	][	0	][	0	][	133	][	0	]
[	0	][	0	][	26	][	0	][	117	]
[	0	][	69	][	0	][	119	][	121	]
[	0	][	0	][	0	][	0	][	0	]
============ Room: F1 Capacity: 300 ============
[	0	][	116	][	129	][	0	][	78	]
[	0	][	0	][	0	][	17	][	0	]
[	18	][	79	][	0	][	64	][	147	]
[	42	][	0	][	0	][	71	][	141	]
============ Room: SPEL Capacity: 40 ============
[	11	][	0	][	0	][	108	][	48	]
[	13	][	0	][	0	][	0	][	0	]
[	43	][	0	][	0	][	0	][	0	]
[	0	][	0	][	0	][	0	][	47	]
============ Room: SPOR Capacity: 30 ============
[	0	][	35	][	106	][	44	][	103	]
[	0	][	39	][	149	][	113	][	150	]
[	0	][	22	][	0	][	12	][	0	]
[	0	][	46	][	0	][	0	][	0	]
============ Room: MUSI Capacity: 40 ============
[	66	][	33	][	19	][	154	][	0	]
[	112	][	40	][	0	][	57	][	14	]
[	0	][	21	][	0	][	81	][	0	]
[	87	][	16	][	126	][	153	][	102	]
============ Room: ROD Capacity: 30 ============
[	0	][	0	][	55	][	115	][	23	]
[	0	][	0	][	104	][	80	][	0	]
[	0	][	15	][	59	][	82	][	45	]
[	83	][	0	][	100	][	0	][	105	]
============ Room: ORA Capacity: 30 ============
[	0	][	0	][	34	][	0	][	0	]
[	0	][	84	][	67	][	124	][	151	]
[	0	][	107	][	0	][	155	][	20	]
[	0	][	0	][	85	][	50	][	0	]
============ Room: VIO Capacity: 40 ============
[	110	][	148	][	54	][	111	][	0	]
[	127	][	0	][	0	][	0	][	52	]
[	0	][	0	][	0	][	53	][	0	]
[	10	][	86	][	125	][	0	][	0	]
============ Room: GRA Capacity: 30 ============
[	114	][	0	][	101	][	0	][	0	]
[	0	][	0	][	41	][	56	][	58	]
[	0	][	0	][	0	][	0	][	0	]
[	9	][	49	][	152	][	109	][	0	]
