Number of slots: 320
Number of events: 159
Sparseness: 0.496875

Globalit: 5722
Fitness: -4	 Created: 11136
Time: 11138ms

Hard broken: 0
Time limit: 90000
Initialtemperature: 4.3
InitialIterations: 10
My value: -6.83E-4
Stuck limit: 2147483647
Desired fitness: -4

============ Room: D1 Capacity: 200 ============
[	0	][	0	][	0	][	0	][	0	]
[	129	][	0	][	2	][	51	][	72	]
[	18	][	0	][	0	][	0	][	0	]
[	65	][	60	][	140	][	128	][	0	]
============ Room: D2 Capacity: 50 ============
[	26	][	0	][	139	][	0	][	0	]
[	0	][	137	][	0	][	91	][	143	]
[	0	][	0	][	121	][	62	][	0	]
[	0	][	0	][	74	][	4	][	0	]
============ Room: D3 Capacity: 50 ============
[	0	][	3	][	32	][	0	][	70	]
[	77	][	0	][	0	][	0	][	97	]
[	0	][	0	][	27	][	99	][	0	]
[	144	][	0	][	157	][	25	][	90	]
============ Room: D45 Capacity: 40 ============
[	0	][	0	][	0	][	0	][	0	]
[	122	][	123	][	98	][	0	][	131	]
[	0	][	118	][	0	][	95	][	132	]
[	159	][	130	][	0	][	0	][	0	]
============ Room: D46 Capacity: 40 ============
[	0	][	119	][	0	][	94	][	0	]
[	0	][	0	][	0	][	69	][	0	]
[	0	][	0	][	31	][	0	][	158	]
[	96	][	0	][	30	][	0	][	92	]
============ Room: E1 Capacity: 350 ============
[	0	][	17	][	0	][	64	][	156	]
[	0	][	0	][	79	][	0	][	0	]
[	135	][	134	][	0	][	42	][	24	]
[	0	][	78	][	0	][	0	][	0	]
============ Room: E35 Capacity: 40 ============
[	0	][	5	][	7	][	0	][	0	]
[	0	][	146	][	0	][	63	][	0	]
[	0	][	75	][	0	][	0	][	6	]
[	37	][	0	][	61	][	0	][	28	]
============ Room: E36 Capacity: 40 ============
[	0	][	73	][	0	][	0	][	0	]
[	0	][	138	][	145	][	133	][	38	]
[	0	][	93	][	0	][	136	][	117	]
[	76	][	0	][	29	][	0	][	0	]
============ Room: F1 Capacity: 300 ============
[	8	][	142	][	147	][	116	][	0	]
[	88	][	0	][	0	][	141	][	0	]
[	0	][	1	][	71	][	120	][	0	]
[	0	][	68	][	36	][	89	][	0	]
============ Room: SPEL Capacity: 40 ============
[	0	][	58	][	0	][	67	][	0	]
[	15	][	150	][	0	][	0	][	0	]
[	0	][	153	][	0	][	0	][	0	]
[	0	][	0	][	111	][	35	][	124	]
============ Room: SPOR Capacity: 30 ============
[	110	][	40	][	0	][	155	][	87	]
[	0	][	0	][	125	][	20	][	21	]
[	105	][	22	][	102	][	0	][	0	]
[	11	][	33	][	0	][	154	][	0	]
============ Room: MUSI Capacity: 40 ============
[	0	][	108	][	127	][	9	][	46	]
[	0	][	82	][	152	][	14	][	0	]
[	0	][	0	][	100	][	84	][	0	]
[	0	][	0	][	0	][	81	][	13	]
============ Room: ROD Capacity: 30 ============
[	86	][	0	][	48	][	0	][	107	]
[	0	][	59	][	43	][	0	][	0	]
[	148	][	0	][	0	][	39	][	0	]
[	52	][	0	][	115	][	0	][	80	]
============ Room: ORA Capacity: 30 ============
[	126	][	113	][	47	][	44	][	34	]
[	0	][	41	][	0	][	83	][	0	]
[	66	][	45	][	101	][	0	][	104	]
[	0	][	10	][	0	][	56	][	16	]
============ Room: VIO Capacity: 40 ============
[	0	][	0	][	114	][	0	][	0	]
[	0	][	149	][	0	][	12	][	0	]
[	53	][	50	][	0	][	0	][	55	]
[	0	][	106	][	54	][	0	][	0	]
============ Room: GRA Capacity: 30 ============
[	112	][	0	][	0	][	0	][	0	]
[	151	][	109	][	0	][	85	][	0	]
[	103	][	19	][	0	][	23	][	0	]
[	0	][	49	][	0	][	57	][	0	]
