Number of slots: 320
Number of events: 159
Sparseness: 0.496875

Globalit: 1742
Fitness: -4	 Created: 3500
Time: 3500ms

Hard broken: 0
Time limit: 90000
Initialtemperature: 4.3
InitialIterations: 10
My value: -6.83E-4
Stuck limit: 2147483647
Desired fitness: -4

============ Room: D1 Capacity: 200 ============
[	2	][	71	][	0	][	135	][	134	]
[	0	][	0	][	0	][	0	][	140	]
[	128	][	0	][	0	][	116	][	0	]
[	129	][	120	][	0	][	0	][	1	]
============ Room: D2 Capacity: 50 ============
[	146	][	139	][	0	][	96	][	0	]
[	0	][	132	][	0	][	0	][	25	]
[	6	][	137	][	28	][	0	][	0	]
[	0	][	97	][	0	][	0	][	93	]
============ Room: D3 Capacity: 50 ============
[	133	][	0	][	157	][	118	][	5	]
[	69	][	77	][	0	][	122	][	0	]
[	0	][	0	][	38	][	0	][	0	]
[	0	][	0	][	131	][	0	][	73	]
============ Room: D45 Capacity: 40 ============
[	61	][	0	][	37	][	0	][	0	]
[	0	][	4	][	0	][	0	][	0	]
[	0	][	0	][	130	][	0	][	136	]
[	0	][	0	][	0	][	98	][	0	]
============ Room: D46 Capacity: 40 ============
[	0	][	144	][	158	][	0	][	32	]
[	27	][	0	][	0	][	123	][	0	]
[	117	][	92	][	0	][	0	][	7	]
[	0	][	0	][	75	][	26	][	74	]
============ Room: E1 Capacity: 350 ============
[	89	][	51	][	68	][	72	][	0	]
[	0	][	0	][	0	][	36	][	156	]
[	0	][	0	][	88	][	18	][	17	]
[	65	][	0	][	0	][	0	][	142	]
============ Room: E35 Capacity: 40 ============
[	0	][	29	][	0	][	0	][	159	]
[	0	][	0	][	0	][	143	][	76	]
[	0	][	121	][	0	][	0	][	31	]
[	0	][	0	][	94	][	95	][	91	]
============ Room: E36 Capacity: 40 ============
[	70	][	138	][	119	][	145	][	3	]
[	0	][	62	][	0	][	30	][	0	]
[	0	][	0	][	0	][	0	][	0	]
[	0	][	0	][	90	][	99	][	63	]
============ Room: F1 Capacity: 300 ============
[	24	][	147	][	0	][	64	][	0	]
[	78	][	0	][	0	][	0	][	60	]
[	0	][	79	][	8	][	141	][	0	]
[	0	][	0	][	0	][	42	][	0	]
============ Room: SPEL Capacity: 40 ============
[	84	][	0	][	13	][	0	][	0	]
[	0	][	108	][	0	][	11	][	126	]
[	100	][	0	][	53	][	85	][	49	]
[	153	][	152	][	59	][	0	][	0	]
============ Room: SPOR Capacity: 30 ============
[	0	][	0	][	0	][	0	][	127	]
[	45	][	109	][	0	][	112	][	33	]
[	107	][	0	][	87	][	149	][	104	]
[	101	][	0	][	39	][	12	][	54	]
============ Room: MUSI Capacity: 40 ============
[	0	][	0	][	115	][	0	][	0	]
[	102	][	56	][	0	][	44	][	0	]
[	103	][	0	][	0	][	0	][	0	]
[	0	][	154	][	0	][	81	][	0	]
============ Room: ROD Capacity: 30 ============
[	34	][	0	][	14	][	0	][	0	]
[	0	][	20	][	150	][	0	][	48	]
[	0	][	0	][	0	][	0	][	0	]
[	57	][	58	][	0	][	148	][	21	]
============ Room: ORA Capacity: 30 ============
[	0	][	0	][	0	][	0	][	0	]
[	0	][	0	][	0	][	82	][	125	]
[	0	][	0	][	67	][	0	][	0	]
[	155	][	0	][	0	][	35	][	0	]
============ Room: VIO Capacity: 40 ============
[	0	][	0	][	111	][	0	][	124	]
[	16	][	0	][	106	][	113	][	0	]
[	0	][	0	][	0	][	50	][	105	]
[	15	][	19	][	55	][	86	][	0	]
============ Room: GRA Capacity: 30 ============
[	46	][	110	][	23	][	9	][	52	]
[	43	][	0	][	10	][	114	][	0	]
[	22	][	40	][	83	][	47	][	66	]
[	80	][	0	][	0	][	151	][	41	]
