Number of slots: 320
Number of events: 159
Sparseness: 0.496875

Globalit: 1949
Fitness: -4	 Created: 3917
Time: 3918ms

Hard broken: 0
Time limit: 90000
Initialtemperature: 4.3
InitialIterations: 10
My value: -6.83E-4
Stuck limit: 2147483647
Desired fitness: -4

============ Room: D1 Capacity: 200 ============
[	0	][	156	][	89	][	129	][	71	]
[	0	][	78	][	0	][	65	][	0	]
[	79	][	64	][	0	][	0	][	0	]
[	2	][	0	][	120	][	0	][	142	]
============ Room: D2 Capacity: 50 ============
[	157	][	73	][	0	][	0	][	0	]
[	131	][	0	][	146	][	122	][	0	]
[	29	][	6	][	138	][	0	][	0	]
[	145	][	74	][	133	][	7	][	0	]
============ Room: D3 Capacity: 50 ============
[	144	][	0	][	0	][	26	][	0	]
[	0	][	0	][	143	][	0	][	62	]
[	0	][	132	][	92	][	0	][	32	]
[	0	][	0	][	0	][	70	][	0	]
============ Room: D45 Capacity: 40 ============
[	0	][	75	][	0	][	0	][	0	]
[	63	][	118	][	0	][	38	][	0	]
[	0	][	158	][	0	][	0	][	0	]
[	0	][	123	][	159	][	0	][	0	]
============ Room: D46 Capacity: 40 ============
[	0	][	98	][	0	][	0	][	0	]
[	4	][	0	][	0	][	76	][	0	]
[	0	][	31	][	0	][	3	][	0	]
[	0	][	91	][	77	][	0	][	96	]
============ Room: E1 Capacity: 350 ============
[	88	][	0	][	128	][	141	][	0	]
[	0	][	135	][	116	][	0	][	68	]
[	0	][	18	][	51	][	134	][	17	]
[	0	][	1	][	0	][	140	][	0	]
============ Room: E35 Capacity: 40 ============
[	25	][	130	][	0	][	121	][	0	]
[	27	][	30	][	0	][	0	][	0	]
[	117	][	0	][	0	][	5	][	0	]
[	0	][	0	][	0	][	90	][	99	]
============ Room: E36 Capacity: 40 ============
[	137	][	95	][	37	][	0	][	94	]
[	119	][	0	][	136	][	0	][	61	]
[	97	][	0	][	28	][	69	][	139	]
[	0	][	0	][	0	][	93	][	0	]
============ Room: F1 Capacity: 300 ============
[	60	][	0	][	0	][	0	][	36	]
[	72	][	0	][	0	][	0	][	42	]
[	0	][	0	][	8	][	0	][	147	]
[	0	][	0	][	0	][	0	][	24	]
============ Room: SPEL Capacity: 40 ============
[	0	][	0	][	0	][	108	][	0	]
[	0	][	0	][	0	][	0	][	0	]
[	0	][	83	][	0	][	0	][	0	]
[	126	][	149	][	0	][	0	][	125	]
============ Room: SPOR Capacity: 30 ============
[	49	][	48	][	0	][	81	][	0	]
[	155	][	0	][	16	][	104	][	111	]
[	12	][	0	][	35	][	0	][	105	]
[	20	][	59	][	115	][	0	][	13	]
============ Room: MUSI Capacity: 40 ============
[	0	][	0	][	0	][	0	][	44	]
[	67	][	0	][	100	][	0	][	40	]
[	154	][	0	][	0	][	0	][	0	]
[	0	][	0	][	113	][	84	][	0	]
============ Room: ROD Capacity: 30 ============
[	0	][	0	][	58	][	0	][	0	]
[	106	][	0	][	66	][	148	][	19	]
[	0	][	0	][	34	][	45	][	86	]
[	150	][	0	][	112	][	0	][	0	]
============ Room: ORA Capacity: 30 ============
[	0	][	47	][	0	][	0	][	50	]
[	55	][	114	][	152	][	0	][	0	]
[	0	][	0	][	0	][	107	][	101	]
[	110	][	57	][	23	][	80	][	52	]
============ Room: VIO Capacity: 40 ============
[	0	][	0	][	0	][	14	][	9	]
[	0	][	0	][	22	][	15	][	21	]
[	153	][	102	][	85	][	127	][	82	]
[	0	][	0	][	109	][	33	][	53	]
============ Room: GRA Capacity: 30 ============
[	87	][	124	][	151	][	43	][	10	]
[	41	][	0	][	56	][	0	][	11	]
[	39	][	103	][	0	][	46	][	0	]
[	0	][	0	][	54	][	0	][	0	]
