Number of slots: 320
Number of events: 159
Sparseness: 0.496875

Globalit: 799
Fitness: -4	 Created: 1616
Time: 1616ms

Hard broken: 0
Time limit: 90000
Initialtemperature: 4.3
InitialIterations: 10
My value: -6.83E-4
Stuck limit: 2147483647
Desired fitness: -4

============ Room: D1 Capacity: 200 ============
[	142	][	134	][	135	][	0	][	0	]
[	0	][	65	][	0	][	0	][	141	]
[	0	][	89	][	72	][	0	][	128	]
[	78	][	0	][	51	][	88	][	0	]
============ Room: D2 Capacity: 50 ============
[	0	][	0	][	0	][	0	][	0	]
[	0	][	158	][	31	][	0	][	133	]
[	0	][	27	][	137	][	70	][	0	]
[	0	][	0	][	77	][	0	][	0	]
============ Room: D3 Capacity: 50 ============
[	98	][	0	][	119	][	99	][	91	]
[	0	][	157	][	144	][	118	][	28	]
[	0	][	7	][	0	][	0	][	74	]
[	95	][	121	][	0	][	0	][	139	]
============ Room: D45 Capacity: 40 ============
[	97	][	61	][	159	][	0	][	92	]
[	0	][	130	][	0	][	63	][	0	]
[	0	][	0	][	0	][	30	][	38	]
[	62	][	0	][	117	][	0	][	0	]
============ Room: D46 Capacity: 40 ============
[	29	][	0	][	0	][	0	][	0	]
[	131	][	143	][	0	][	94	][	0	]
[	0	][	76	][	123	][	0	][	90	]
[	0	][	25	][	4	][	6	][	0	]
============ Room: E1 Capacity: 350 ============
[	68	][	0	][	8	][	1	][	60	]
[	0	][	17	][	129	][	18	][	0	]
[	71	][	0	][	36	][	0	][	0	]
[	24	][	0	][	0	][	0	][	2	]
============ Room: E35 Capacity: 40 ============
[	0	][	0	][	69	][	145	][	93	]
[	37	][	0	][	0	][	146	][	0	]
[	136	][	0	][	0	][	0	][	0	]
[	0	][	26	][	0	][	0	][	138	]
============ Room: E36 Capacity: 40 ============
[	5	][	0	][	0	][	75	][	0	]
[	0	][	132	][	96	][	32	][	0	]
[	0	][	122	][	0	][	0	][	73	]
[	0	][	0	][	3	][	0	][	0	]
============ Room: F1 Capacity: 300 ============
[	156	][	147	][	0	][	42	][	0	]
[	0	][	79	][	0	][	0	][	0	]
[	120	][	0	][	64	][	0	][	140	]
[	0	][	0	][	0	][	116	][	0	]
============ Room: SPEL Capacity: 40 ============
[	0	][	110	][	0	][	0	][	47	]
[	0	][	0	][	19	][	53	][	59	]
[	10	][	0	][	0	][	49	][	14	]
[	124	][	100	][	150	][	0	][	0	]
============ Room: SPOR Capacity: 30 ============
[	86	][	109	][	21	][	0	][	23	]
[	113	][	115	][	15	][	152	][	0	]
[	102	][	0	][	101	][	0	][	16	]
[	0	][	0	][	41	][	153	][	0	]
============ Room: MUSI Capacity: 40 ============
[	0	][	0	][	0	][	0	][	0	]
[	0	][	125	][	0	][	154	][	55	]
[	45	][	0	][	0	][	0	][	0	]
[	52	][	0	][	0	][	81	][	151	]
============ Room: ROD Capacity: 30 ============
[	0	][	80	][	0	][	0	][	87	]
[	56	][	0	][	54	][	0	][	107	]
[	43	][	0	][	105	][	33	][	0	]
[	0	][	0	][	0	][	155	][	66	]
============ Room: ORA Capacity: 30 ============
[	57	][	11	][	0	][	0	][	35	]
[	12	][	0	][	0	][	13	][	0	]
[	48	][	0	][	0	][	84	][	0	]
[	58	][	50	][	149	][	0	][	0	]
============ Room: VIO Capacity: 40 ============
[	39	][	114	][	0	][	127	][	44	]
[	111	][	0	][	148	][	0	][	0	]
[	104	][	0	][	0	][	83	][	0	]
[	0	][	67	][	106	][	0	][	0	]
============ Room: GRA Capacity: 30 ============
[	40	][	126	][	108	][	34	][	0	]
[	9	][	112	][	20	][	85	][	82	]
[	103	][	0	][	46	][	0	][	0	]
[	0	][	0	][	0	][	22	][	0	]
