Number of slots: 320
Number of events: 159
Sparseness: 0.496875

Globalit: 2179
Fitness: -4	 Created: 4337
Time: 4338ms

Hard broken: 0
Time limit: 90000
Initialtemperature: 4.3
InitialIterations: 10
My value: -6.83E-4
Stuck limit: 2147483647
Desired fitness: -4

============ Room: D1 Capacity: 200 ============
[	0	][	65	][	0	][	17	][	89	]
[	0	][	0	][	18	][	0	][	88	]
[	120	][	36	][	0	][	79	][	0	]
[	142	][	78	][	0	][	0	][	0	]
============ Room: D2 Capacity: 50 ============
[	0	][	133	][	95	][	0	][	0	]
[	0	][	0	][	0	][	0	][	0	]
[	0	][	121	][	0	][	0	][	144	]
[	0	][	0	][	74	][	98	][	25	]
============ Room: D3 Capacity: 50 ============
[	6	][	37	][	97	][	69	][	0	]
[	0	][	117	][	0	][	99	][	30	]
[	76	][	91	][	119	][	146	][	0	]
[	0	][	0	][	0	][	0	][	0	]
============ Room: D45 Capacity: 40 ============
[	122	][	92	][	0	][	96	][	0	]
[	0	][	136	][	0	][	0	][	0	]
[	0	][	93	][	0	][	0	][	158	]
[	0	][	0	][	27	][	132	][	137	]
============ Room: D46 Capacity: 40 ============
[	62	][	73	][	0	][	0	][	38	]
[	61	][	0	][	0	][	0	][	0	]
[	0	][	139	][	0	][	63	][	0	]
[	32	][	123	][	0	][	5	][	157	]
============ Room: E1 Capacity: 350 ============
[	128	][	0	][	134	][	135	][	42	]
[	0	][	51	][	0	][	0	][	64	]
[	0	][	0	][	0	][	0	][	0	]
[	156	][	60	][	8	][	68	][	0	]
============ Room: E35 Capacity: 40 ============
[	75	][	0	][	0	][	118	][	0	]
[	29	][	0	][	0	][	130	][	0	]
[	0	][	94	][	7	][	145	][	0	]
[	3	][	4	][	0	][	0	][	0	]
============ Room: E36 Capacity: 40 ============
[	0	][	90	][	0	][	159	][	0	]
[	28	][	143	][	70	][	131	][	77	]
[	31	][	0	][	0	][	0	][	0	]
[	0	][	138	][	0	][	26	][	0	]
============ Room: F1 Capacity: 300 ============
[	0	][	0	][	0	][	0	][	0	]
[	0	][	71	][	0	][	0	][	147	]
[	24	][	1	][	141	][	2	][	72	]
[	0	][	140	][	129	][	116	][	0	]
============ Room: SPEL Capacity: 40 ============
[	0	][	126	][	13	][	0	][	23	]
[	81	][	66	][	40	][	0	][	43	]
[	109	][	150	][	0	][	50	][	0	]
[	107	][	115	][	152	][	0	][	0	]
============ Room: SPOR Capacity: 30 ============
[	0	][	0	][	53	][	0	][	0	]
[	35	][	101	][	148	][	0	][	12	]
[	0	][	0	][	0	][	0	][	20	]
[	87	][	54	][	67	][	0	][	16	]
============ Room: MUSI Capacity: 40 ============
[	113	][	0	][	0	][	84	][	0	]
[	0	][	104	][	41	][	34	][	0	]
[	45	][	0	][	0	][	0	][	0	]
[	102	][	58	][	0	][	155	][	10	]
============ Room: ROD Capacity: 30 ============
[	0	][	0	][	0	][	0	][	0	]
[	82	][	0	][	0	][	149	][	0	]
[	0	][	0	][	0	][	127	][	14	]
[	80	][	0	][	0	][	56	][	112	]
============ Room: ORA Capacity: 30 ============
[	110	][	153	][	125	][	86	][	0	]
[	0	][	0	][	105	][	0	][	48	]
[	108	][	49	][	0	][	103	][	0	]
[	0	][	0	][	0	][	39	][	83	]
============ Room: VIO Capacity: 40 ============
[	0	][	0	][	19	][	11	][	0	]
[	111	][	0	][	15	][	46	][	33	]
[	0	][	0	][	0	][	21	][	59	]
[	0	][	55	][	106	][	0	][	114	]
============ Room: GRA Capacity: 30 ============
[	0	][	154	][	9	][	0	][	85	]
[	44	][	0	][	100	][	0	][	124	]
[	0	][	0	][	52	][	22	][	0	]
[	47	][	151	][	0	][	57	][	0	]
