Number of slots: 320
Number of events: 159
Sparseness: 0.496875

Globalit: 2239
Fitness: -4	 Created: 4480
Time: 4482ms

Hard broken: 0
Time limit: 90000
Initialtemperature: 4.3
InitialIterations: 10
My value: -6.83E-4
Stuck limit: 2147483647
Desired fitness: -4

============ Room: D1 Capacity: 200 ============
[	0	][	0	][	120	][	65	][	2	]
[	0	][	72	][	0	][	0	][	51	]
[	0	][	0	][	0	][	0	][	156	]
[	42	][	0	][	0	][	60	][	0	]
============ Room: D2 Capacity: 50 ============
[	130	][	0	][	69	][	0	][	123	]
[	0	][	118	][	0	][	121	][	0	]
[	26	][	0	][	95	][	29	][	0	]
[	0	][	131	][	136	][	122	][	117	]
============ Room: D3 Capacity: 50 ============
[	75	][	91	][	0	][	31	][	0	]
[	0	][	0	][	77	][	0	][	0	]
[	0	][	0	][	96	][	0	][	73	]
[	139	][	0	][	144	][	94	][	157	]
============ Room: D45 Capacity: 40 ============
[	0	][	0	][	4	][	159	][	0	]
[	143	][	0	][	0	][	32	][	0	]
[	70	][	0	][	132	][	146	][	0	]
[	0	][	0	][	0	][	0	][	28	]
============ Room: D46 Capacity: 40 ============
[	133	][	0	][	38	][	25	][	0	]
[	0	][	0	][	0	][	137	][	0	]
[	0	][	0	][	0	][	0	][	76	]
[	0	][	27	][	0	][	92	][	0	]
============ Room: E1 Capacity: 350 ============
[	0	][	141	][	142	][	0	][	78	]
[	129	][	89	][	140	][	17	][	0	]
[	88	][	64	][	18	][	0	][	0	]
[	0	][	116	][	79	][	24	][	68	]
============ Room: E35 Capacity: 40 ============
[	63	][	6	][	99	][	7	][	0	]
[	61	][	0	][	0	][	0	][	62	]
[	0	][	0	][	0	][	97	][	0	]
[	0	][	0	][	0	][	0	][	0	]
============ Room: E36 Capacity: 40 ============
[	37	][	93	][	0	][	0	][	0	]
[	158	][	0	][	30	][	5	][	0	]
[	74	][	138	][	0	][	119	][	98	]
[	0	][	90	][	145	][	0	][	3	]
============ Room: F1 Capacity: 300 ============
[	147	][	36	][	0	][	0	][	0	]
[	0	][	0	][	1	][	0	][	134	]
[	0	][	0	][	0	][	135	][	128	]
[	0	][	8	][	0	][	71	][	0	]
============ Room: SPEL Capacity: 40 ============
[	0	][	0	][	58	][	0	][	155	]
[	53	][	0	][	112	][	153	][	83	]
[	0	][	103	][	0	][	12	][	19	]
[	66	][	0	][	13	][	0	][	46	]
============ Room: SPOR Capacity: 30 ============
[	111	][	0	][	21	][	0	][	0	]
[	0	][	0	][	110	][	109	][	105	]
[	0	][	81	][	0	][	82	][	0	]
[	127	][	0	][	113	][	0	][	108	]
============ Room: MUSI Capacity: 40 ============
[	9	][	150	][	0	][	104	][	0	]
[	0	][	0	][	0	][	0	][	87	]
[	52	][	0	][	57	][	0	][	0	]
[	0	][	0	][	0	][	0	][	0	]
============ Room: ROD Capacity: 30 ============
[	49	][	0	][	86	][	0	][	0	]
[	41	][	22	][	126	][	0	][	101	]
[	39	][	50	][	0	][	67	][	0	]
[	11	][	152	][	0	][	0	][	0	]
============ Room: ORA Capacity: 30 ============
[	44	][	48	][	0	][	47	][	59	]
[	114	][	0	][	124	][	80	][	100	]
[	54	][	102	][	125	][	45	][	0	]
[	14	][	0	][	33	][	0	][	0	]
============ Room: VIO Capacity: 40 ============
[	10	][	0	][	0	][	106	][	0	]
[	0	][	34	][	0	][	85	][	148	]
[	154	][	149	][	84	][	0	][	0	]
[	0	][	40	][	0	][	15	][	43	]
============ Room: GRA Capacity: 30 ============
[	0	][	23	][	0	][	0	][	107	]
[	20	][	0	][	56	][	0	][	0	]
[	0	][	151	][	16	][	0	][	0	]
[	0	][	55	][	35	][	0	][	115	]
