Number of slots: 320
Number of events: 159
Sparseness: 0.496875

Globalit: 9671
Fitness: -4	 Created: 19068
Time: 19070ms

Hard broken: 0
Time limit: 90000
Initialtemperature: 4.3
InitialIterations: 10
My value: -6.83E-4
Stuck limit: 2147483647
Desired fitness: -4

============ Room: D1 Capacity: 200 ============
[	0	][	0	][	71	][	68	][	18	]
[	65	][	0	][	0	][	0	][	64	]
[	0	][	17	][	60	][	156	][	0	]
[	0	][	0	][	24	][	0	][	88	]
============ Room: D2 Capacity: 50 ============
[	62	][	25	][	0	][	0	][	0	]
[	77	][	122	][	97	][	117	][	0	]
[	73	][	0	][	99	][	0	][	29	]
[	28	][	98	][	0	][	0	][	0	]
============ Room: D3 Capacity: 50 ============
[	0	][	74	][	27	][	0	][	0	]
[	0	][	0	][	139	][	0	][	0	]
[	0	][	91	][	0	][	0	][	0	]
[	31	][	0	][	146	][	0	][	0	]
============ Room: D45 Capacity: 40 ============
[	0	][	0	][	38	][	92	][	0	]
[	93	][	0	][	0	][	30	][	0	]
[	0	][	123	][	0	][	0	][	37	]
[	0	][	138	][	75	][	0	][	0	]
============ Room: D46 Capacity: 40 ============
[	145	][	132	][	0	][	61	][	0	]
[	76	][	0	][	0	][	118	][	119	]
[	0	][	143	][	0	][	69	][	70	]
[	4	][	5	][	121	][	32	][	6	]
============ Room: E1 Capacity: 350 ============
[	2	][	0	][	0	][	79	][	0	]
[	0	][	0	][	0	][	0	][	36	]
[	0	][	8	][	78	][	0	][	128	]
[	0	][	120	][	0	][	129	][	0	]
============ Room: E35 Capacity: 40 ============
[	159	][	144	][	0	][	137	][	0	]
[	0	][	130	][	95	][	0	][	0	]
[	0	][	136	][	0	][	133	][	0	]
[	0	][	3	][	0	][	0	][	0	]
============ Room: E36 Capacity: 40 ============
[	0	][	0	][	131	][	90	][	0	]
[	0	][	7	][	0	][	0	][	157	]
[	158	][	94	][	26	][	0	][	0	]
[	0	][	96	][	0	][	0	][	63	]
============ Room: F1 Capacity: 300 ============
[	0	][	1	][	0	][	0	][	51	]
[	0	][	42	][	141	][	0	][	135	]
[	140	][	0	][	134	][	0	][	0	]
[	89	][	142	][	147	][	116	][	72	]
============ Room: SPEL Capacity: 40 ============
[	50	][	102	][	0	][	59	][	13	]
[	0	][	0	][	10	][	109	][	44	]
[	124	][	0	][	0	][	0	][	111	]
[	0	][	21	][	113	][	101	][	53	]
============ Room: SPOR Capacity: 30 ============
[	0	][	105	][	0	][	0	][	0	]
[	45	][	33	][	16	][	0	][	49	]
[	0	][	0	][	58	][	0	][	81	]
[	0	][	150	][	112	][	0	][	54	]
============ Room: MUSI Capacity: 40 ============
[	0	][	103	][	110	][	0	][	0	]
[	0	][	0	][	85	][	0	][	107	]
[	114	][	34	][	154	][	104	][	0	]
[	52	][	0	][	108	][	84	][	0	]
============ Room: ROD Capacity: 30 ============
[	0	][	48	][	0	][	9	][	100	]
[	15	][	22	][	83	][	43	][	0	]
[	0	][	0	][	0	][	0	][	57	]
[	67	][	0	][	0	][	148	][	0	]
============ Room: ORA Capacity: 30 ============
[	0	][	153	][	0	][	151	][	0	]
[	41	][	86	][	87	][	82	][	0	]
[	14	][	0	][	126	][	11	][	115	]
[	55	][	39	][	35	][	0	][	0	]
============ Room: VIO Capacity: 40 ============
[	0	][	46	][	0	][	0	][	0	]
[	125	][	155	][	0	][	12	][	0	]
[	0	][	0	][	56	][	20	][	0	]
[	149	][	0	][	0	][	106	][	19	]
============ Room: GRA Capacity: 30 ============
[	0	][	152	][	66	][	0	][	0	]
[	0	][	23	][	127	][	0	][	0	]
[	0	][	0	][	0	][	47	][	0	]
[	0	][	40	][	0	][	80	][	0	]
