Number of slots: 320
Number of events: 159
Sparseness: 0.496875

Globalit: 1924
Fitness: -4	 Created: 3940
Time: 3941ms

Hard broken: 0
Time limit: 90000
Initialtemperature: 4.3
InitialIterations: 10
My value: -6.83E-4
Stuck limit: 2147483647
Desired fitness: -4

============ Room: D1 Capacity: 200 ============
[	8	][	88	][	42	][	0	][	0	]
[	0	][	0	][	0	][	0	][	68	]
[	17	][	18	][	0	][	0	][	0	]
[	0	][	0	][	24	][	0	][	120	]
============ Room: D2 Capacity: 50 ============
[	0	][	0	][	30	][	93	][	0	]
[	0	][	133	][	92	][	131	][	0	]
[	0	][	31	][	121	][	0	][	0	]
[	159	][	0	][	146	][	145	][	0	]
============ Room: D3 Capacity: 50 ============
[	25	][	0	][	38	][	94	][	0	]
[	96	][	0	][	91	][	0	][	0	]
[	0	][	77	][	0	][	117	][	0	]
[	0	][	69	][	0	][	144	][	0	]
============ Room: D45 Capacity: 40 ============
[	0	][	29	][	76	][	122	][	0	]
[	4	][	0	][	132	][	95	][	0	]
[	0	][	119	][	0	][	0	][	0	]
[	0	][	0	][	0	][	139	][	0	]
============ Room: D46 Capacity: 40 ============
[	0	][	0	][	0	][	90	][	99	]
[	70	][	61	][	0	][	97	][	7	]
[	0	][	0	][	0	][	158	][	123	]
[	98	][	130	][	0	][	0	][	27	]
============ Room: E1 Capacity: 350 ============
[	0	][	0	][	116	][	0	][	0	]
[	134	][	0	][	0	][	79	][	60	]
[	78	][	0	][	0	][	1	][	128	]
[	64	][	51	][	0	][	0	][	65	]
============ Room: E35 Capacity: 40 ============
[	0	][	0	][	0	][	0	][	63	]
[	73	][	143	][	0	][	26	][	28	]
[	137	][	138	][	0	][	37	][	0	]
[	0	][	0	][	0	][	5	][	0	]
============ Room: E36 Capacity: 40 ============
[	136	][	0	][	0	][	157	][	75	]
[	6	][	0	][	32	][	0	][	3	]
[	118	][	0	][	0	][	0	][	0	]
[	0	][	0	][	62	][	0	][	74	]
============ Room: F1 Capacity: 300 ============
[	72	][	0	][	0	][	0	][	2	]
[	141	][	71	][	147	][	36	][	0	]
[	0	][	156	][	129	][	135	][	142	]
[	0	][	140	][	0	][	89	][	0	]
============ Room: SPEL Capacity: 40 ============
[	0	][	0	][	0	][	0	][	149	]
[	58	][	105	][	0	][	55	][	0	]
[	0	][	13	][	103	][	0	][	0	]
[	0	][	85	][	126	][	0	][	0	]
============ Room: SPOR Capacity: 30 ============
[	35	][	82	][	0	][	0	][	67	]
[	0	][	66	][	80	][	0	][	49	]
[	0	][	12	][	0	][	87	][	0	]
[	0	][	127	][	83	][	84	][	0	]
============ Room: MUSI Capacity: 40 ============
[	152	][	40	][	0	][	45	][	19	]
[	151	][	0	][	81	][	0	][	154	]
[	0	][	112	][	0	][	0	][	34	]
[	0	][	0	][	0	][	0	][	114	]
============ Room: ROD Capacity: 30 ============
[	125	][	52	][	0	][	0	][	41	]
[	0	][	9	][	56	][	0	][	108	]
[	0	][	46	][	44	][	0	][	14	]
[	10	][	110	][	104	][	0	][	0	]
============ Room: ORA Capacity: 30 ============
[	101	][	0	][	109	][	0	][	0	]
[	0	][	54	][	21	][	16	][	0	]
[	11	][	0	][	0	][	0	][	15	]
[	33	][	0	][	0	][	22	][	39	]
============ Room: VIO Capacity: 40 ============
[	53	][	0	][	111	][	0	][	0	]
[	0	][	124	][	20	][	0	][	50	]
[	153	][	47	][	0	][	48	][	155	]
[	0	][	23	][	102	][	59	][	0	]
============ Room: GRA Capacity: 30 ============
[	100	][	0	][	0	][	43	][	0	]
[	57	][	0	][	0	][	150	][	0	]
[	107	][	113	][	106	][	115	][	0	]
[	0	][	0	][	86	][	148	][	0	]
