Number of slots: 320
Number of events: 159
Sparseness: 0.496875

Globalit: 988
Fitness: -4	 Created: 1970
Time: 1971ms

Hard broken: 0
Time limit: 90000
Initialtemperature: 4.3
InitialIterations: 10
My value: -6.83E-4
Stuck limit: 2147483647
Desired fitness: -4

============ Room: D1 Capacity: 200 ============
[	79	][	42	][	72	][	71	][	65	]
[	1	][	64	][	0	][	51	][	116	]
[	128	][	0	][	0	][	0	][	68	]
[	0	][	0	][	0	][	0	][	0	]
============ Room: D2 Capacity: 50 ============
[	0	][	30	][	0	][	0	][	0	]
[	0	][	91	][	69	][	0	][	0	]
[	0	][	0	][	0	][	28	][	77	]
[	0	][	0	][	98	][	0	][	99	]
============ Room: D3 Capacity: 50 ============
[	0	][	37	][	118	][	0	][	0	]
[	159	][	0	][	122	][	123	][	73	]
[	0	][	0	][	0	][	0	][	61	]
[	145	][	29	][	0	][	26	][	95	]
============ Room: D45 Capacity: 40 ============
[	0	][	144	][	0	][	0	][	0	]
[	0	][	0	][	0	][	62	][	132	]
[	0	][	90	][	0	][	133	][	7	]
[	0	][	146	][	0	][	0	][	32	]
============ Room: D46 Capacity: 40 ============
[	0	][	0	][	96	][	131	][	0	]
[	0	][	0	][	0	][	130	][	0	]
[	25	][	157	][	0	][	0	][	5	]
[	0	][	136	][	63	][	75	][	158	]
============ Room: E1 Capacity: 350 ============
[	0	][	0	][	0	][	0	][	0	]
[	24	][	0	][	147	][	156	][	0	]
[	0	][	0	][	17	][	140	][	129	]
[	8	][	2	][	0	][	0	][	0	]
============ Room: E35 Capacity: 40 ============
[	0	][	38	][	139	][	0	][	0	]
[	143	][	0	][	137	][	27	][	0	]
[	0	][	0	][	0	][	74	][	0	]
[	70	][	117	][	3	][	0	][	97	]
============ Room: E36 Capacity: 40 ============
[	119	][	0	][	0	][	121	][	6	]
[	0	][	92	][	0	][	0	][	4	]
[	76	][	0	][	94	][	93	][	0	]
[	138	][	0	][	31	][	0	][	0	]
============ Room: F1 Capacity: 300 ============
[	134	][	0	][	0	][	0	][	0	]
[	0	][	18	][	89	][	142	][	60	]
[	0	][	135	][	78	][	0	][	36	]
[	88	][	0	][	0	][	120	][	141	]
============ Room: SPEL Capacity: 40 ============
[	107	][	0	][	0	][	109	][	114	]
[	0	][	35	][	53	][	0	][	66	]
[	56	][	0	][	0	][	0	][	48	]
[	0	][	106	][	21	][	0	][	0	]
============ Room: SPOR Capacity: 30 ============
[	0	][	113	][	0	][	0	][	0	]
[	55	][	0	][	22	][	11	][	0	]
[	154	][	16	][	150	][	0	][	0	]
[	0	][	0	][	0	][	0	][	0	]
============ Room: MUSI Capacity: 40 ============
[	9	][	155	][	0	][	111	][	57	]
[	0	][	0	][	86	][	39	][	0	]
[	58	][	81	][	0	][	44	][	125	]
[	33	][	0	][	0	][	67	][	0	]
============ Room: ROD Capacity: 30 ============
[	151	][	110	][	23	][	0	][	108	]
[	34	][	0	][	0	][	0	][	0	]
[	0	][	0	][	0	][	0	][	0	]
[	80	][	41	][	19	][	0	][	85	]
============ Room: ORA Capacity: 30 ============
[	0	][	0	][	0	][	12	][	40	]
[	0	][	84	][	0	][	112	][	152	]
[	0	][	0	][	148	][	0	][	20	]
[	0	][	0	][	0	][	0	][	0	]
============ Room: VIO Capacity: 40 ============
[	10	][	0	][	47	][	59	][	0	]
[	0	][	14	][	15	][	0	][	0	]
[	103	][	0	][	0	][	0	][	101	]
[	54	][	46	][	0	][	149	][	82	]
============ Room: GRA Capacity: 30 ============
[	104	][	0	][	153	][	13	][	115	]
[	102	][	52	][	0	][	87	][	45	]
[	100	][	43	][	124	][	49	][	105	]
[	126	][	0	][	127	][	50	][	83	]
