Number of slots: 320
Number of events: 159
Sparseness: 0.496875

Globalit: 4668
Fitness: -3	 Created: 71229
Time: 90017ms

Initialtemperature: 43.0InitialIterations: 100Stuck limit: 2147483647Desired fitness: 0
============ Room: D1 Capacity: 200 ============
[	24	][	2	][	0	][	116	][	0	]
[	36	][	65	][	134	][	0	][	0	]
[	135	][	120	][	0	][	0	][	79	]
[	78	][	0	][	0	][	42	][	129	]
============ Room: D2 Capacity: 50 ============
[	0	][	0	][	0	][	0	][	73	]
[	0	][	91	][	97	][	0	][	122	]
[	76	][	0	][	130	][	0	][	137	]
[	0	][	0	][	0	][	0	][	0	]
============ Room: D3 Capacity: 50 ============
[	0	][	77	][	25	][	90	][	0	]
[	0	][	0	][	0	][	0	][	32	]
[	0	][	158	][	0	][	0	][	0	]
[	0	][	145	][	75	][	0	][	0	]
============ Room: D45 Capacity: 40 ============
[	0	][	157	][	31	][	132	][	0	]
[	93	][	0	][	159	][	96	][	0	]
[	0	][	0	][	0	][	0	][	26	]
[	61	][	0	][	0	][	37	][	121	]
============ Room: D46 Capacity: 40 ============
[	0	][	0	][	0	][	133	][	131	]
[	0	][	0	][	98	][	95	][	69	]
[	74	][	0	][	0	][	5	][	117	]
[	118	][	0	][	7	][	144	][	0	]
============ Room: E1 Capacity: 350 ============
[	72	][	0	][	89	][	1	][	64	]
[	142	][	0	][	8	][	51	][	0	]
[	0	][	60	][	71	][	147	][	0	]
[	0	][	0	][	128	][	0	][	0	]
============ Room: E35 Capacity: 40 ============
[	63	][	0	][	0	][	0	][	30	]
[	92	][	0	][	0	][	27	][	0	]
[	0	][	29	][	0	][	0	][	6	]
[	3	][	0	][	28	][	138	][	0	]
============ Room: E36 Capacity: 40 ============
[	146	][	0	][	136	][	0	][	0	]
[	62	][	0	][	70	][	119	][	94	]
[	123	][	0	][	38	][	0	][	139	]
[	99	][	143	][	0	][	0	][	4	]
============ Room: F1 Capacity: 300 ============
[	0	][	0	][	0	][	140	][	0	]
[	0	][	0	][	0	][	0	][	141	]
[	18	][	68	][	156	][	88	][	0	]
[	0	][	0	][	0	][	17	][	0	]
============ Room: SPEL Capacity: 40 ============
[	0	][	0	][	0	][	0	][	108	]
[	15	][	12	][	41	][	152	][	0	]
[	106	][	53	][	0	][	0	][	0	]
[	0	][	10	][	34	][	81	][	0	]
============ Room: SPOR Capacity: 30 ============
[	104	][	0	][	0	][	151	][	0	]
[	0	][	58	][	19	][	33	][	80	]
[	103	][	0	][	67	][	84	][	109	]
[	0	][	0	][	55	][	127	][	111	]
============ Room: MUSI Capacity: 40 ============
[	0	][	0	][	45	][	0	][	0	]
[	22	][	0	][	23	][	0	][	0	]
[	0	][	0	][	0	][	0	][	0	]
[	49	][	50	][	0	][	13	][	0	]
============ Room: ROD Capacity: 30 ============
[	48	][	0	][	154	][	46	][	0	]
[	0	][	0	][	56	][	35	][	0	]
[	153	][	14	][	54	][	0	][	112	]
[	43	][	83	][	100	][	0	][	148	]
============ Room: ORA Capacity: 30 ============
[	0	][	66	][	0	][	44	][	59	]
[	0	][	150	][	125	][	0	][	0	]
[	102	][	0	][	9	][	0	][	114	]
[	0	][	0	][	0	][	82	][	20	]
============ Room: VIO Capacity: 40 ============
[	0	][	113	][	0	][	0	][	0	]
[	0	][	0	][	40	][	155	][	47	]
[	0	][	107	][	0	][	126	][	115	]
[	149	][	16	][	0	][	101	][	0	]
============ Room: GRA Capacity: 30 ============
[	39	][	110	][	11	][	0	][	0	]
[	0	][	0	][	87	][	85	][	0	]
[	57	][	52	][	105	][	86	][	0	]
[	0	][	21	][	124	][	0	][	0	]
