Number of slots: 256
Number of events: 159
Sparseness: 0.62109375

Globalit: 1428
Fitness: -4	 Created: 2533
Time: 2534ms

Hard broken: 0
Time limit: 90000
Initialtemperature: 4.3
InitialIterations: 10
My value: -6.83E-4
Stuck limit: 2147483647
Desired fitness: -4

============ Room: D1 Capacity: 200 ============
[	1	][	141	][	79	][	0	]
[	24	][	0	][	140	][	129	]
[	0	][	78	][	2	][	88	]
[	89	][	0	][	72	][	128	]
============ Room: D2 Capacity: 50 ============
[	132	][	0	][	0	][	76	]
[	0	][	0	][	0	][	0	]
[	31	][	136	][	95	][	0	]
[	29	][	117	][	27	][	62	]
============ Room: D3 Capacity: 50 ============
[	37	][	121	][	158	][	0	]
[	91	][	145	][	30	][	7	]
[	119	][	70	][	97	][	0	]
[	118	][	0	][	0	][	0	]
============ Room: D45 Capacity: 40 ============
[	0	][	130	][	122	][	96	]
[	73	][	0	][	0	][	92	]
[	69	][	139	][	98	][	0	]
[	0	][	0	][	0	][	26	]
============ Room: D46 Capacity: 40 ============
[	38	][	159	][	123	][	0	]
[	0	][	0	][	74	][	4	]
[	6	][	25	][	28	][	0	]
[	0	][	0	][	0	][	157	]
============ Room: E1 Capacity: 350 ============
[	65	][	18	][	0	][	135	]
[	8	][	51	][	120	][	0	]
[	134	][	0	][	36	][	17	]
[	0	][	156	][	0	][	42	]
============ Room: E35 Capacity: 40 ============
[	63	][	0	][	138	][	32	]
[	90	][	61	][	133	][	93	]
[	0	][	0	][	99	][	0	]
[	143	][	0	][	0	][	77	]
============ Room: E36 Capacity: 40 ============
[	0	][	131	][	137	][	75	]
[	0	][	0	][	0	][	94	]
[	5	][	0	][	0	][	144	]
[	146	][	0	][	0	][	3	]
============ Room: F1 Capacity: 300 ============
[	0	][	68	][	142	][	0	]
[	116	][	0	][	60	][	0	]
[	0	][	0	][	64	][	147	]
[	0	][	71	][	0	][	0	]
============ Room: SPEL Capacity: 40 ============
[	19	][	13	][	0	][	23	]
[	0	][	16	][	151	][	33	]
[	0	][	105	][	0	][	0	]
[	0	][	115	][	0	][	125	]
============ Room: SPOR Capacity: 30 ============
[	48	][	0	][	21	][	44	]
[	35	][	127	][	11	][	153	]
[	0	][	0	][	0	][	0	]
[	148	][	0	][	0	][	0	]
============ Room: MUSI Capacity: 40 ============
[	154	][	0	][	67	][	155	]
[	66	][	109	][	112	][	0	]
[	58	][	49	][	81	][	0	]
[	87	][	39	][	106	][	0	]
============ Room: ROD Capacity: 30 ============
[	47	][	14	][	15	][	43	]
[	152	][	0	][	41	][	46	]
[	108	][	10	][	0	][	40	]
[	83	][	12	][	103	][	0	]
============ Room: ORA Capacity: 30 ============
[	80	][	102	][	0	][	0	]
[	0	][	113	][	0	][	0	]
[	0	][	0	][	59	][	85	]
[	86	][	54	][	0	][	34	]
============ Room: VIO Capacity: 40 ============
[	45	][	82	][	107	][	22	]
[	55	][	114	][	50	][	0	]
[	110	][	150	][	84	][	9	]
[	57	][	111	][	124	][	126	]
============ Room: GRA Capacity: 30 ============
[	101	][	53	][	20	][	0	]
[	0	][	0	][	0	][	0	]
[	52	][	149	][	56	][	0	]
[	0	][	0	][	100	][	104	]
