Number of slots: 240
Number of events: 115
Sparseness: 0.4791666666666667

Globalit: 1484 Generations: 545
Fitness: 0	 Created: 22584
Time: 22587ms

============ Room: D1 Capacity: 200 ============
[	64	][	0	][	0	][	0	][	24	]
[	79	][	88	][	36	][	0	][	42	]
[	0	][	51	][	68	][	78	][	65	]
[	0	][	0	][	60	][	89	][	0	]
============ Room: D2 Capacity: 50 ============
[	0	][	61	][	0	][	0	][	0	]
[	0	][	0	][	96	][	0	][	4	]
[	0	][	0	][	29	][	0	][	0	]
[	0	][	0	][	0	][	0	][	25	]
============ Room: D3 Capacity: 50 ============
[	0	][	0	][	0	][	0	][	69	]
[	0	][	0	][	0	][	76	][	37	]
[	0	][	0	][	0	][	7	][	0	]
[	0	][	28	][	70	][	62	][	26	]
============ Room: D45 Capacity: 40 ============
[	0	][	94	][	99	][	27	][	0	]
[	0	][	73	][	97	][	77	][	0	]
[	0	][	0	][	0	][	0	][	32	]
[	0	][	98	][	92	][	0	][	38	]
============ Room: D46 Capacity: 40 ============
[	0	][	0	][	0	][	0	][	0	]
[	0	][	75	][	0	][	95	][	0	]
[	0	][	93	][	0	][	3	][	31	]
[	5	][	0	][	0	][	74	][	0	]
============ Room: E1 Capacity: 350 ============
[	0	][	0	][	1	][	0	][	0	]
[	0	][	0	][	0	][	2	][	0	]
[	17	][	0	][	0	][	0	][	72	]
[	71	][	0	][	0	][	18	][	8	]
============ Room: E35 Capacity: 40 ============
[	6	][	91	][	0	][	0	][	0	]
[	0	][	0	][	0	][	0	][	0	]
[	0	][	30	][	0	][	0	][	63	]
[	90	][	0	][	0	][	0	][	0	]
============ Room: SPEL Capacity: 40 ============
[	23	][	86	][	85	][	35	][	59	]
[	104	][	11	][	0	][	40	][	0	]
[	110	][	84	][	87	][	34	][	48	]
[	0	][	33	][	0	][	10	][	54	]
============ Room: SPOR Capacity: 30 ============
[	0	][	43	][	0	][	81	][	0	]
[	45	][	0	][	20	][	0	][	100	]
[	115	][	13	][	0	][	113	][	105	]
[	49	][	0	][	12	][	0	][	107	]
============ Room: MUSI Capacity: 40 ============
[	101	][	46	][	41	][	103	][	80	]
[	0	][	47	][	55	][	19	][	0	]
[	112	][	0	][	109	][	111	][	0	]
[	66	][	56	][	9	][	0	][	102	]
============ Room: ROD Capacity: 30 ============
[	53	][	16	][	82	][	57	][	0	]
[	0	][	0	][	0	][	0	][	0	]
[	44	][	0	][	0	][	0	][	14	]
[	21	][	0	][	0	][	15	][	0	]
============ Room: ORA Capacity: 30 ============
[	52	][	50	][	0	][	0	][	39	]
[	0	][	22	][	0	][	0	][	0	]
[	83	][	0	][	114	][	108	][	106	]
[	0	][	58	][	0	][	0	][	67	]
