Number of slots: 320
Number of events: 159
Sparseness: 0.496875

Generations: 3886
Fitness: -47	 Created: 84598
Time: 90012ms

Desired fitness: 0Stuck limit: 2147483647Population size: 100Selection size: 30Mutation type: NORMALP(Mutation) = 6.0%Selection type: NORMALP(Crossover) = 50.0%
============ Room: D1 Capacity: 200 ============
[	0	][	0	][	134	][	0	][	1	]
[	120	][	129	][	71	][	0	][	0	]
[	0	][	0	][	141	][	65	][	64	]
[	0	][	17	][	128	][	72	][	135	]
============ Room: D2 Capacity: 50 ============
[	0	][	131	][	0	][	0	][	0	]
[	0	][	0	][	6	][	0	][	98	]
[	0	][	25	][	0	][	0	][	0	]
[	0	][	0	][	92	][	37	][	0	]
============ Room: D3 Capacity: 50 ============
[	0	][	70	][	0	][	157	][	119	]
[	0	][	0	][	0	][	121	][	28	]
[	0	][	27	][	0	][	0	][	0	]
[	0	][	0	][	93	][	0	][	96	]
============ Room: D45 Capacity: 40 ============
[	76	][	77	][	0	][	0	][	90	]
[	0	][	0	][	0	][	137	][	0	]
[	0	][	0	][	0	][	0	][	0	]
[	0	][	32	][	0	][	0	][	38	]
============ Room: D46 Capacity: 40 ============
[	0	][	122	][	0	][	0	][	139	]
[	0	][	0	][	0	][	0	][	61	]
[	138	][	5	][	0	][	74	][	91	]
[	0	][	0	][	26	][	30	][	0	]
============ Room: E1 Capacity: 350 ============
[	142	][	24	][	60	][	0	][	42	]
[	18	][	78	][	115	][	0	][	140	]
[	36	][	89	][	0	][	0	][	0	]
[	0	][	0	][	68	][	0	][	8	]
============ Room: E35 Capacity: 40 ============
[	0	][	0	][	29	][	143	][	0	]
[	69	][	63	][	62	][	136	][	0	]
[	73	][	4	][	123	][	132	][	158	]
[	133	][	75	][	7	][	144	][	99	]
============ Room: E36 Capacity: 40 ============
[	0	][	31	][	0	][	0	][	118	]
[	0	][	117	][	0	][	97	][	0	]
[	0	][	146	][	130	][	0	][	94	]
[	159	][	145	][	0	][	3	][	95	]
============ Room: F1 Capacity: 300 ============
[	51	][	2	][	79	][	88	][	0	]
[	0	][	0	][	0	][	0	][	147	]
[	0	][	0	][	156	][	0	][	0	]
[	0	][	0	][	0	][	0	][	116	]
============ Room: SPEL Capacity: 40 ============
[	0	][	0	][	0	][	16	][	0	]
[	0	][	20	][	0	][	0	][	0	]
[	114	][	0	][	15	][	0	][	82	]
[	40	][	0	][	0	][	102	][	0	]
============ Room: SPOR Capacity: 30 ============
[	0	][	0	][	52	][	0	][	0	]
[	110	][	0	][	0	][	148	][	14	]
[	124	][	0	][	0	][	0	][	11	]
[	19	][	0	][	0	][	0	][	0	]
============ Room: MUSI Capacity: 40 ============
[	105	][	0	][	54	][	21	][	0	]
[	113	][	0	][	154	][	53	][	33	]
[	108	][	66	][	111	][	57	][	86	]
[	0	][	0	][	0	][	0	][	83	]
============ Room: ROD Capacity: 30 ============
[	0	][	44	][	125	][	0	][	23	]
[	46	][	49	][	0	][	0	][	10	]
[	0	][	0	][	80	][	0	][	85	]
[	81	][	127	][	39	][	59	][	155	]
============ Room: ORA Capacity: 30 ============
[	0	][	101	][	112	][	0	][	41	]
[	150	][	103	][	47	][	0	][	13	]
[	0	][	0	][	0	][	0	][	126	]
[	0	][	0	][	0	][	56	][	22	]
============ Room: VIO Capacity: 40 ============
[	0	][	104	][	109	][	35	][	0	]
[	0	][	0	][	153	][	34	][	0	]
[	67	][	0	][	0	][	100	][	87	]
[	45	][	0	][	84	][	107	][	55	]
============ Room: GRA Capacity: 30 ============
[	9	][	106	][	0	][	0	][	151	]
[	0	][	50	][	152	][	0	][	48	]
[	149	][	43	][	0	][	0	][	12	]
[	0	][	0	][	58	][	0	][	0	]
