Number of slots: 320
Number of events: 159
Sparseness: 0.496875

Globalit: 4625
Fitness: -4	 Created: 70552
Time: 90013ms

Initialtemperature: 43.0InitialIterations: 100Stuck limit: 2147483647Desired fitness: 0
============ Room: D1 Capacity: 200 ============
[	0	][	36	][	60	][	0	][	120	]
[	0	][	0	][	0	][	0	][	134	]
[	42	][	0	][	78	][	135	][	0	]
[	128	][	79	][	0	][	72	][	0	]
============ Room: D2 Capacity: 50 ============
[	0	][	0	][	0	][	138	][	6	]
[	0	][	37	][	73	][	7	][	0	]
[	95	][	0	][	137	][	0	][	0	]
[	0	][	130	][	136	][	0	][	62	]
============ Room: D3 Capacity: 50 ============
[	0	][	0	][	0	][	143	][	0	]
[	122	][	0	][	0	][	144	][	0	]
[	0	][	69	][	145	][	0	][	27	]
[	0	][	0	][	0	][	117	][	0	]
============ Room: D45 Capacity: 40 ============
[	31	][	0	][	0	][	26	][	0	]
[	38	][	0	][	0	][	0	][	0	]
[	0	][	0	][	0	][	91	][	0	]
[	158	][	132	][	0	][	0	][	98	]
============ Room: D46 Capacity: 40 ============
[	28	][	29	][	0	][	0	][	0	]
[	0	][	0	][	0	][	32	][	77	]
[	121	][	0	][	0	][	5	][	139	]
[	75	][	0	][	0	][	0	][	99	]
============ Room: E1 Capacity: 350 ============
[	0	][	116	][	0	][	89	][	0	]
[	141	][	64	][	0	][	68	][	17	]
[	0	][	0	][	0	][	18	][	0	]
[	0	][	142	][	0	][	140	][	0	]
============ Room: E35 Capacity: 40 ============
[	0	][	0	][	0	][	0	][	0	]
[	0	][	0	][	90	][	0	][	61	]
[	0	][	93	][	0	][	3	][	0	]
[	146	][	70	][	0	][	0	][	123	]
============ Room: E36 Capacity: 40 ============
[	118	][	0	][	94	][	119	][	74	]
[	76	][	133	][	92	][	96	][	0	]
[	97	][	63	][	0	][	4	][	157	]
[	25	][	30	][	0	][	159	][	131	]
============ Room: F1 Capacity: 300 ============
[	8	][	0	][	2	][	1	][	51	]
[	156	][	71	][	0	][	147	][	0	]
[	129	][	0	][	24	][	0	][	0	]
[	0	][	0	][	88	][	0	][	65	]
============ Room: SPEL Capacity: 40 ============
[	154	][	0	][	0	][	86	][	35	]
[	102	][	108	][	54	][	22	][	106	]
[	0	][	0	][	127	][	0	][	0	]
[	0	][	100	][	13	][	11	][	0	]
============ Room: SPOR Capacity: 30 ============
[	155	][	47	][	45	][	50	][	0	]
[	0	][	115	][	149	][	0	][	104	]
[	84	][	0	][	49	][	0	][	0	]
[	125	][	56	][	41	][	112	][	85	]
============ Room: MUSI Capacity: 40 ============
[	0	][	46	][	0	][	82	][	101	]
[	103	][	113	][	0	][	0	][	0	]
[	9	][	0	][	0	][	151	][	110	]
[	0	][	52	][	0	][	10	][	23	]
============ Room: ROD Capacity: 30 ============
[	0	][	114	][	0	][	0	][	0	]
[	53	][	0	][	0	][	58	][	0	]
[	0	][	150	][	15	][	0	][	0	]
[	0	][	0	][	12	][	19	][	81	]
============ Room: ORA Capacity: 30 ============
[	0	][	48	][	80	][	0	][	66	]
[	0	][	152	][	0	][	0	][	148	]
[	83	][	59	][	153	][	0	][	0	]
[	14	][	0	][	124	][	0	][	55	]
============ Room: VIO Capacity: 40 ============
[	0	][	111	][	20	][	0	][	0	]
[	0	][	67	][	0	][	0	][	34	]
[	21	][	0	][	109	][	126	][	40	]
[	44	][	107	][	39	][	0	][	0	]
============ Room: GRA Capacity: 30 ============
[	0	][	87	][	0	][	43	][	0	]
[	105	][	0	][	0	][	0	][	33	]
[	16	][	0	][	0	][	0	][	57	]
[	0	][	0	][	0	][	0	][	0	]
