Number of slots: 320
Number of events: 159
Sparseness: 0.496875

Generations: 361
Fitness: -52256	 Created: 9913
Time: 10016ms

Hard broken: 17
Desired fitness: -50
Stuck limit: 2147483647
Population size: 100
P(Mutation) = 4.0%
Time limit: 10000

============ Room: D1 Capacity: 200 ============
[	0	][	0	][	68	][	2	][	116	]
[	0	][	0	][	0	][	0	][	0	]
[	8	][	64	][	0	][	0	][	0	]
[	0	][	0	][	1	][	72	][	0	]
============ Room: D2 Capacity: 50 ============
[	130	][	0	][	0	][	0	][	138	]
[	131	][	0	][	123	][	0	][	0	]
[	0	][	0	][	133	][	0	][	0	]
[	121	][	0	][	0	][	4	][	0	]
============ Room: D3 Capacity: 50 ============
[	0	][	0	][	0	][	99	][	0	]
[	69	][	0	][	0	][	0	][	0	]
[	0	][	0	][	0	][	0	][	0	]
[	91	][	137	][	26	][	0	][	29	]
============ Room: D45 Capacity: 40 ============
[	0	][	0	][	0	][	0	][	136	]
[	132	][	94	][	0	][	134	][	0	]
[	0	][	38	][	70	][	7	][	37	]
[	0	][	61	][	73	][	0	][	0	]
============ Room: D46 Capacity: 40 ============
[	32	][	0	][	0	][	0	][	146	]
[	0	][	118	][	122	][	158	][	119	]
[	144	][	98	][	97	][	102	][	30	]
[	27	][	0	][	75	][	159	][	0	]
============ Room: E1 Capacity: 350 ============
[	0	][	0	][	0	][	62	][	89	]
[	0	][	128	][	0	][	0	][	71	]
[	129	][	0	][	42	][	36	][	88	]
[	135	][	0	][	0	][	141	][	60	]
============ Room: E35 Capacity: 40 ============
[	3	][	0	][	93	][	0	][	0	]
[	0	][	0	][	0	][	31	][	25	]
[	92	][	0	][	0	][	145	][	0	]
[	143	][	0	][	0	][	0	][	0	]
============ Room: E36 Capacity: 40 ============
[	0	][	0	][	0	][	95	][	0	]
[	0	][	117	][	0	][	0	][	0	]
[	77	][	76	][	0	][	0	][	28	]
[	90	][	0	][	96	][	0	][	5	]
============ Room: F1 Capacity: 300 ============
[	0	][	0	][	140	][	0	][	78	]
[	0	][	65	][	17	][	142	][	0	]
[	24	][	18	][	0	][	156	][	0	]
[	0	][	51	][	0	][	120	][	79	]
============ Room: SPEL Capacity: 40 ============
[	150	][	58	][	35	][	0	][	0	]
[	12	][	83	][	0	][	0	][	151	]
[	103	][	46	][	82	][	114	][	0	]
[	0	][	0	][	22	][	43	][	55	]
============ Room: SPOR Capacity: 30 ============
[	0	][	74	][	0	][	20	][	139	]
[	33	][	115	][	0	][	84	][	101	]
[	107	][	148	][	0	][	81	][	0	]
[	6	][	0	][	21	][	23	][	0	]
============ Room: MUSI Capacity: 40 ============
[	108	][	0	][	54	][	125	][	45	]
[	124	][	14	][	85	][	110	][	34	]
[	0	][	0	][	87	][	106	][	0	]
[	0	][	0	][	154	][	0	][	0	]
============ Room: ROD Capacity: 30 ============
[	0	][	0	][	152	][	48	][	19	]
[	9	][	57	][	11	][	0	][	0	]
[	126	][	0	][	0	][	63	][	66	]
[	13	][	105	][	157	][	50	][	0	]
============ Room: ORA Capacity: 30 ============
[	109	][	0	][	0	][	0	][	155	]
[	0	][	10	][	0	][	0	][	111	]
[	0	][	0	][	15	][	53	][	0	]
[	59	][	0	][	0	][	104	][	112	]
============ Room: VIO Capacity: 40 ============
[	56	][	0	][	0	][	80	][	0	]
[	16	][	52	][	153	][	147	][	149	]
[	127	][	44	][	0	][	0	][	0	]
[	39	][	0	][	67	][	0	][	41	]
============ Room: GRA Capacity: 30 ============
[	113	][	0	][	0	][	0	][	0	]
[	0	][	40	][	0	][	86	][	0	]
[	49	][	0	][	0	][	0	][	0	]
[	0	][	100	][	0	][	47	][	0	]
