Number of slots: 320
Number of events: 159
Sparseness: 0.496875

Globalit: 4649
Fitness: -5	 Created: 67169
Time: 90005ms

Initialtemperature: 43.0InitialIterations: 100Stuck limit: 2147483647Desired fitness: 0
============ Room: D1 Capacity: 200 ============
[	72	][	0	][	0	][	0	][	0	]
[	18	][	71	][	64	][	140	][	17	]
[	0	][	51	][	0	][	0	][	0	]
[	0	][	0	][	1	][	36	][	0	]
============ Room: D2 Capacity: 50 ============
[	0	][	0	][	0	][	76	][	0	]
[	0	][	0	][	119	][	0	][	0	]
[	0	][	0	][	25	][	0	][	0	]
[	133	][	0	][	0	][	138	][	94	]
============ Room: D3 Capacity: 50 ============
[	0	][	0	][	121	][	0	][	0	]
[	0	][	0	][	0	][	37	][	0	]
[	75	][	143	][	144	][	0	][	0	]
[	130	][	0	][	99	][	0	][	0	]
============ Room: D45 Capacity: 40 ============
[	0	][	93	][	63	][	61	][	0	]
[	0	][	0	][	118	][	123	][	0	]
[	0	][	73	][	62	][	32	][	95	]
[	159	][	0	][	96	][	0	][	0	]
============ Room: D46 Capacity: 40 ============
[	0	][	139	][	0	][	131	][	98	]
[	97	][	0	][	137	][	132	][	0	]
[	0	][	0	][	0	][	5	][	70	]
[	0	][	0	][	0	][	92	][	69	]
============ Room: E1 Capacity: 350 ============
[	0	][	0	][	0	][	24	][	0	]
[	42	][	0	][	0	][	65	][	135	]
[	0	][	89	][	0	][	116	][	134	]
[	0	][	0	][	0	][	0	][	0	]
============ Room: E35 Capacity: 40 ============
[	117	][	157	][	0	][	77	][	0	]
[	0	][	158	][	90	][	30	][	0	]
[	146	][	3	][	0	][	6	][	29	]
[	122	][	0	][	0	][	27	][	4	]
============ Room: E36 Capacity: 40 ============
[	0	][	0	][	136	][	0	][	28	]
[	38	][	26	][	0	][	0	][	0	]
[	74	][	31	][	0	][	0	][	0	]
[	145	][	0	][	0	][	91	][	7	]
============ Room: F1 Capacity: 300 ============
[	68	][	8	][	79	][	88	][	0	]
[	142	][	0	][	0	][	2	][	147	]
[	120	][	129	][	0	][	141	][	60	]
[	78	][	0	][	156	][	0	][	128	]
============ Room: SPEL Capacity: 40 ============
[	0	][	0	][	0	][	44	][	0	]
[	87	][	0	][	0	][	151	][	43	]
[	115	][	22	][	0	][	108	][	0	]
[	57	][	86	][	0	][	54	][	0	]
============ Room: SPOR Capacity: 30 ============
[	39	][	0	][	14	][	0	][	0	]
[	0	][	112	][	10	][	0	][	82	]
[	113	][	21	][	0	][	0	][	0	]
[	55	][	0	][	52	][	124	][	0	]
============ Room: MUSI Capacity: 40 ============
[	48	][	0	][	109	][	47	][	49	]
[	0	][	0	][	66	][	105	][	103	]
[	0	][	0	][	0	][	0	][	149	]
[	102	][	15	][	85	][	81	][	0	]
============ Room: ROD Capacity: 30 ============
[	100	][	0	][	19	][	0	][	150	]
[	0	][	50	][	0	][	148	][	0	]
[	0	][	0	][	53	][	111	][	0	]
[	0	][	110	][	126	][	84	][	0	]
============ Room: ORA Capacity: 30 ============
[	0	][	41	][	155	][	33	][	0	]
[	0	][	0	][	12	][	0	][	104	]
[	46	][	0	][	58	][	59	][	35	]
[	0	][	20	][	80	][	13	][	0	]
============ Room: VIO Capacity: 40 ============
[	0	][	125	][	0	][	0	][	67	]
[	0	][	11	][	0	][	101	][	0	]
[	154	][	0	][	106	][	114	][	16	]
[	34	][	0	][	56	][	153	][	45	]
============ Room: GRA Capacity: 30 ============
[	152	][	0	][	40	][	0	][	9	]
[	0	][	0	][	0	][	107	][	0	]
[	0	][	23	][	0	][	0	][	0	]
[	0	][	83	][	127	][	0	][	0	]
