Number of slots: 320
Number of events: 159
Sparseness: 0.496875

Generations: 3955
Fitness: -6	 Created: 72117
Time: 90011ms

Desired fitness: 0Stuck limit: 2147483647Population size: 100Selection size: 30Mutation type: NORMALP(Mutation) = 6.0%Selection type: NORMALP(Crossover) = 50.0%
============ Room: D1 Capacity: 200 ============
[	0	][	0	][	24	][	72	][	0	]
[	64	][	0	][	156	][	120	][	142	]
[	0	][	0	][	0	][	36	][	1	]
[	0	][	129	][	0	][	18	][	0	]
============ Room: D2 Capacity: 50 ============
[	0	][	136	][	61	][	0	][	0	]
[	0	][	97	][	94	][	0	][	90	]
[	38	][	0	][	0	][	0	][	30	]
[	0	][	0	][	0	][	0	][	145	]
============ Room: D3 Capacity: 50 ============
[	27	][	0	][	0	][	6	][	62	]
[	0	][	138	][	91	][	0	][	159	]
[	77	][	0	][	131	][	7	][	29	]
[	143	][	75	][	70	][	0	][	4	]
============ Room: D45 Capacity: 40 ============
[	0	][	0	][	0	][	0	][	119	]
[	99	][	0	][	93	][	69	][	0	]
[	130	][	76	][	63	][	5	][	0	]
[	0	][	95	][	0	][	73	][	0	]
============ Room: D46 Capacity: 40 ============
[	133	][	0	][	0	][	0	][	0	]
[	146	][	0	][	139	][	0	][	92	]
[	117	][	0	][	0	][	137	][	0	]
[	25	][	98	][	122	][	0	][	3	]
============ Room: E1 Capacity: 350 ============
[	68	][	0	][	2	][	0	][	0	]
[	0	][	0	][	0	][	0	][	17	]
[	0	][	42	][	141	][	116	][	134	]
[	88	][	65	][	89	][	135	][	0	]
============ Room: E35 Capacity: 40 ============
[	132	][	158	][	0	][	0	][	0	]
[	0	][	96	][	0	][	0	][	0	]
[	0	][	0	][	0	][	28	][	0	]
[	118	][	0	][	157	][	0	][	74	]
============ Room: E36 Capacity: 40 ============
[	144	][	32	][	37	][	31	][	0	]
[	0	][	0	][	0	][	0	][	0	]
[	0	][	0	][	26	][	0	][	0	]
[	0	][	123	][	0	][	0	][	121	]
============ Room: F1 Capacity: 300 ============
[	79	][	0	][	0	][	0	][	147	]
[	8	][	51	][	0	][	71	][	60	]
[	0	][	0	][	0	][	0	][	0	]
[	128	][	0	][	78	][	140	][	0	]
============ Room: SPEL Capacity: 40 ============
[	0	][	0	][	106	][	107	][	0	]
[	34	][	0	][	44	][	0	][	0	]
[	0	][	105	][	0	][	102	][	108	]
[	87	][	0	][	0	][	10	][	0	]
============ Room: SPOR Capacity: 30 ============
[	13	][	126	][	124	][	104	][	0	]
[	0	][	0	][	12	][	39	][	50	]
[	115	][	0	][	82	][	149	][	52	]
[	0	][	0	][	35	][	0	][	0	]
============ Room: MUSI Capacity: 40 ============
[	103	][	127	][	0	][	23	][	114	]
[	0	][	0	][	0	][	14	][	0	]
[	111	][	40	][	112	][	100	][	0	]
[	0	][	9	][	0	][	58	][	113	]
============ Room: ROD Capacity: 30 ============
[	46	][	43	][	0	][	45	][	86	]
[	0	][	0	][	81	][	54	][	0	]
[	57	][	67	][	66	][	0	][	41	]
[	85	][	20	][	11	][	153	][	0	]
============ Room: ORA Capacity: 30 ============
[	0	][	0	][	0	][	48	][	0	]
[	0	][	0	][	22	][	59	][	0	]
[	0	][	148	][	0	][	0	][	0	]
[	0	][	15	][	19	][	110	][	150	]
============ Room: VIO Capacity: 40 ============
[	101	][	0	][	0	][	0	][	33	]
[	47	][	16	][	84	][	0	][	0	]
[	56	][	0	][	0	][	0	][	151	]
[	83	][	154	][	0	][	0	][	0	]
============ Room: GRA Capacity: 30 ============
[	0	][	0	][	0	][	125	][	80	]
[	0	][	0	][	21	][	55	][	0	]
[	155	][	0	][	0	][	0	][	109	]
[	152	][	0	][	0	][	53	][	49	]
