Number of slots: 320
Number of events: 159
Sparseness: 0.496875

Globalit: 4663
Fitness: -4	 Created: 73078
Time: 90008ms

Initialtemperature: 43.0InitialIterations: 100Stuck limit: 2147483647Desired fitness: 0
============ Room: D1 Capacity: 200 ============
[	51	][	0	][	0	][	140	][	0	]
[	0	][	79	][	0	][	156	][	0	]
[	134	][	0	][	0	][	135	][	0	]
[	0	][	0	][	0	][	0	][	116	]
============ Room: D2 Capacity: 50 ============
[	132	][	0	][	157	][	76	][	98	]
[	0	][	0	][	0	][	73	][	0	]
[	32	][	0	][	0	][	37	][	93	]
[	61	][	137	][	0	][	138	][	131	]
============ Room: D3 Capacity: 50 ============
[	74	][	0	][	0	][	77	][	0	]
[	0	][	70	][	0	][	0	][	0	]
[	0	][	117	][	26	][	97	][	145	]
[	121	][	31	][	0	][	3	][	69	]
============ Room: D45 Capacity: 40 ============
[	75	][	130	][	0	][	0	][	0	]
[	0	][	0	][	7	][	0	][	0	]
[	118	][	0	][	119	][	146	][	0	]
[	0	][	0	][	0	][	0	][	30	]
============ Room: D46 Capacity: 40 ============
[	0	][	0	][	159	][	0	][	0	]
[	0	][	0	][	38	][	5	][	136	]
[	0	][	0	][	63	][	95	][	94	]
[	0	][	0	][	0	][	0	][	0	]
============ Room: E1 Capacity: 350 ============
[	0	][	1	][	0	][	8	][	0	]
[	0	][	42	][	0	][	129	][	36	]
[	2	][	71	][	128	][	68	][	0	]
[	65	][	72	][	0	][	120	][	0	]
============ Room: E35 Capacity: 40 ============
[	0	][	133	][	29	][	0	][	139	]
[	0	][	0	][	0	][	0	][	4	]
[	99	][	62	][	0	][	0	][	90	]
[	122	][	144	][	0	][	0	][	0	]
============ Room: E36 Capacity: 40 ============
[	27	][	96	][	6	][	0	][	0	]
[	0	][	25	][	0	][	28	][	158	]
[	0	][	0	][	0	][	143	][	92	]
[	123	][	91	][	0	][	0	][	0	]
============ Room: F1 Capacity: 300 ============
[	60	][	24	][	0	][	17	][	64	]
[	18	][	0	][	89	][	0	][	0	]
[	78	][	0	][	147	][	0	][	0	]
[	0	][	0	][	88	][	141	][	142	]
============ Room: SPEL Capacity: 40 ============
[	152	][	52	][	0	][	66	][	150	]
[	0	][	151	][	0	][	109	][	104	]
[	55	][	0	][	43	][	0	][	0	]
[	0	][	67	][	154	][	49	][	111	]
============ Room: SPOR Capacity: 30 ============
[	0	][	155	][	81	][	106	][	0	]
[	0	][	148	][	0	][	126	][	59	]
[	0	][	11	][	0	][	48	][	33	]
[	153	][	127	][	125	][	102	][	0	]
============ Room: MUSI Capacity: 40 ============
[	41	][	82	][	115	][	47	][	0	]
[	0	][	112	][	0	][	0	][	0	]
[	19	][	0	][	0	][	0	][	84	]
[	0	][	0	][	0	][	0	][	0	]
============ Room: ROD Capacity: 30 ============
[	0	][	0	][	0	][	0	][	15	]
[	101	][	39	][	86	][	58	][	23	]
[	57	][	54	][	35	][	0	][	22	]
[	100	][	14	][	0	][	87	][	0	]
============ Room: ORA Capacity: 30 ============
[	0	][	124	][	80	][	0	][	0	]
[	40	][	110	][	0	][	0	][	0	]
[	0	][	149	][	0	][	83	][	0	]
[	10	][	0	][	12	][	0	][	113	]
============ Room: VIO Capacity: 40 ============
[	9	][	0	][	53	][	0	][	0	]
[	0	][	0	][	56	][	108	][	0	]
[	20	][	107	][	13	][	21	][	0	]
[	0	][	0	][	85	][	0	][	0	]
============ Room: GRA Capacity: 30 ============
[	0	][	0	][	0	][	34	][	50	]
[	103	][	0	][	0	][	114	][	0	]
[	0	][	0	][	105	][	0	][	46	]
[	16	][	0	][	0	][	45	][	44	]
