Number of slots: 320
Number of events: 159
Sparseness: 0.496875

Globalit: 4605
Fitness: -69	 Created: 8281
Time: 10002ms

Hard broken: 0
Initialtemperature: 0.69487
InitialIterations: 10
My value: -1.4384E-5
Stuck limit: 2147483647
Desired fitness: -50
Time limit: 10000

============ Room: D1 Capacity: 200 ============
[	0	][	0	][	89	][	0	][	0	]
[	0	][	42	][	0	][	51	][	141	]
[	142	][	156	][	0	][	88	][	0	]
[	36	][	0	][	116	][	0	][	0	]
============ Room: D2 Capacity: 50 ============
[	3	][	0	][	0	][	0	][	0	]
[	7	][	157	][	99	][	32	][	0	]
[	63	][	0	][	0	][	0	][	93	]
[	0	][	0	][	0	][	0	][	0	]
============ Room: D3 Capacity: 50 ============
[	0	][	0	][	0	][	0	][	76	]
[	74	][	130	][	0	][	145	][	0	]
[	92	][	139	][	0	][	37	][	70	]
[	0	][	96	][	91	][	132	][	0	]
============ Room: D45 Capacity: 40 ============
[	0	][	0	][	0	][	38	][	73	]
[	5	][	131	][	133	][	0	][	30	]
[	0	][	0	][	0	][	0	][	0	]
[	28	][	0	][	0	][	0	][	0	]
============ Room: D46 Capacity: 40 ============
[	6	][	98	][	136	][	0	][	144	]
[	122	][	159	][	0	][	0	][	0	]
[	117	][	0	][	138	][	0	][	90	]
[	0	][	0	][	0	][	4	][	0	]
============ Room: E1 Capacity: 350 ============
[	65	][	8	][	0	][	128	][	0	]
[	140	][	0	][	78	][	18	][	0	]
[	0	][	79	][	24	][	0	][	0	]
[	0	][	0	][	147	][	0	][	0	]
============ Room: E35 Capacity: 40 ============
[	143	][	95	][	137	][	0	][	69	]
[	75	][	118	][	97	][	146	][	0	]
[	0	][	94	][	0	][	61	][	0	]
[	29	][	119	][	0	][	0	][	0	]
============ Room: E36 Capacity: 40 ============
[	0	][	123	][	0	][	0	][	0	]
[	121	][	0	][	26	][	0	][	0	]
[	0	][	31	][	0	][	62	][	25	]
[	0	][	158	][	27	][	77	][	0	]
============ Room: F1 Capacity: 300 ============
[	0	][	0	][	0	][	0	][	0	]
[	64	][	1	][	120	][	134	][	68	]
[	0	][	17	][	71	][	0	][	0	]
[	72	][	135	][	129	][	60	][	2	]
============ Room: SPEL Capacity: 40 ============
[	0	][	0	][	0	][	21	][	11	]
[	35	][	84	][	0	][	109	][	102	]
[	49	][	0	][	0	][	149	][	83	]
[	0	][	0	][	0	][	111	][	0	]
============ Room: SPOR Capacity: 30 ============
[	107	][	46	][	153	][	106	][	54	]
[	67	][	40	][	0	][	125	][	15	]
[	66	][	0	][	55	][	150	][	152	]
[	0	][	0	][	0	][	0	][	0	]
============ Room: MUSI Capacity: 40 ============
[	103	][	0	][	0	][	48	][	0	]
[	33	][	19	][	155	][	0	][	0	]
[	12	][	0	][	112	][	0	][	0	]
[	13	][	0	][	0	][	0	][	113	]
============ Room: ROD Capacity: 30 ============
[	0	][	0	][	23	][	44	][	0	]
[	0	][	0	][	0	][	85	][	0	]
[	148	][	50	][	126	][	0	][	0	]
[	0	][	0	][	57	][	0	][	114	]
============ Room: ORA Capacity: 30 ============
[	0	][	0	][	87	][	9	][	20	]
[	104	][	39	][	0	][	80	][	0	]
[	43	][	0	][	108	][	0	][	0	]
[	53	][	41	][	0	][	34	][	56	]
============ Room: VIO Capacity: 40 ============
[	0	][	47	][	86	][	101	][	59	]
[	0	][	115	][	0	][	124	][	0	]
[	0	][	0	][	52	][	22	][	0	]
[	0	][	0	][	0	][	0	][	0	]
============ Room: GRA Capacity: 30 ============
[	0	][	0	][	0	][	10	][	14	]
[	100	][	82	][	0	][	127	][	105	]
[	151	][	45	][	58	][	16	][	154	]
[	0	][	81	][	0	][	110	][	0	]
