Number of slots: 320
Number of events: 159
Sparseness: 0.496875

Generations: 3979
Fitness: -8	 Created: 69202
Time: 90021ms

Desired fitness: 0Stuck limit: 2147483647Population size: 100Selection size: 30Mutation type: NORMALP(Mutation) = 6.0%Selection type: NORMALP(Crossover) = 50.0%
============ Room: D1 Capacity: 200 ============
[	141	][	0	][	128	][	0	][	0	]
[	0	][	120	][	0	][	36	][	64	]
[	72	][	0	][	18	][	24	][	0	]
[	0	][	0	][	78	][	142	][	147	]
============ Room: D2 Capacity: 50 ============
[	0	][	0	][	0	][	30	][	122	]
[	0	][	0	][	91	][	3	][	95	]
[	0	][	0	][	137	][	0	][	144	]
[	0	][	146	][	26	][	61	][	32	]
============ Room: D3 Capacity: 50 ============
[	29	][	0	][	0	][	0	][	0	]
[	157	][	0	][	0	][	0	][	97	]
[	0	][	4	][	138	][	0	][	0	]
[	119	][	0	][	0	][	0	][	76	]
============ Room: D45 Capacity: 40 ============
[	0	][	0	][	38	][	0	][	0	]
[	121	][	0	][	118	][	0	][	99	]
[	25	][	0	][	77	][	131	][	6	]
[	133	][	0	][	0	][	0	][	0	]
============ Room: D46 Capacity: 40 ============
[	130	][	0	][	0	][	0	][	0	]
[	75	][	0	][	0	][	0	][	0	]
[	0	][	0	][	31	][	0	][	94	]
[	158	][	0	][	0	][	0	][	73	]
============ Room: E1 Capacity: 350 ============
[	51	][	0	][	88	][	2	][	0	]
[	0	][	0	][	71	][	79	][	0	]
[	89	][	140	][	0	][	0	][	0	]
[	0	][	116	][	0	][	0	][	8	]
============ Room: E35 Capacity: 40 ============
[	70	][	0	][	0	][	0	][	132	]
[	0	][	96	][	136	][	28	][	0	]
[	62	][	37	][	5	][	0	][	7	]
[	117	][	0	][	93	][	0	][	74	]
============ Room: E36 Capacity: 40 ============
[	0	][	0	][	0	][	0	][	159	]
[	0	][	98	][	0	][	145	][	0	]
[	27	][	92	][	139	][	123	][	90	]
[	0	][	143	][	69	][	0	][	63	]
============ Room: F1 Capacity: 300 ============
[	0	][	0	][	60	][	0	][	17	]
[	0	][	129	][	0	][	68	][	65	]
[	135	][	134	][	0	][	0	][	42	]
[	1	][	156	][	0	][	0	][	0	]
============ Room: SPEL Capacity: 40 ============
[	11	][	0	][	87	][	0	][	0	]
[	108	][	47	][	0	][	0	][	0	]
[	152	][	0	][	101	][	0	][	0	]
[	113	][	0	][	0	][	83	][	0	]
============ Room: SPOR Capacity: 30 ============
[	39	][	50	][	0	][	0	][	0	]
[	0	][	0	][	54	][	100	][	0	]
[	12	][	0	][	67	][	115	][	0	]
[	0	][	0	][	0	][	0	][	114	]
============ Room: MUSI Capacity: 40 ============
[	0	][	0	][	82	][	34	][	0	]
[	57	][	0	][	41	][	46	][	153	]
[	0	][	49	][	0	][	150	][	0	]
[	0	][	0	][	0	][	9	][	0	]
============ Room: ROD Capacity: 30 ============
[	148	][	0	][	10	][	105	][	107	]
[	0	][	40	][	0	][	102	][	20	]
[	16	][	0	][	0	][	0	][	127	]
[	0	][	81	][	48	][	56	][	125	]
============ Room: ORA Capacity: 30 ============
[	104	][	0	][	0	][	0	][	0	]
[	19	][	0	][	0	][	149	][	0	]
[	124	][	0	][	44	][	0	][	35	]
[	112	][	85	][	126	][	86	][	22	]
============ Room: VIO Capacity: 40 ============
[	106	][	66	][	23	][	52	][	0	]
[	111	][	0	][	55	][	103	][	33	]
[	13	][	0	][	0	][	15	][	0	]
[	58	][	45	][	0	][	0	][	0	]
============ Room: GRA Capacity: 30 ============
[	151	][	80	][	21	][	53	][	0	]
[	110	][	43	][	154	][	0	][	14	]
[	0	][	0	][	0	][	0	][	155	]
[	0	][	84	][	0	][	59	][	109	]
