Number of slots: 320
Number of events: 159
Sparseness: 0.496875

Globalit: 4054 Generations: 541
Fitness: -3	 Created: 45738
Time: 90009ms

Initialtemperature: 4.3InitialIterations: 100Stuck limit: 1000Desired fitness: 0Desired fitness: -9Stuck limit: 100Population size: 100Selection size: 30Mutation type: NORMALP(Mutation) = 6.0%Selection type: NORMALP(Crossover) = 50.0%
============ Room: D1 Capacity: 200 ============
[	42	][	156	][	0	][	17	][	0	]
[	64	][	8	][	79	][	71	][	120	]
[	51	][	78	][	0	][	0	][	0	]
[	18	][	36	][	24	][	0	][	0	]
============ Room: D2 Capacity: 50 ============
[	0	][	73	][	7	][	137	][	29	]
[	0	][	133	][	0	][	69	][	0	]
[	143	][	91	][	0	][	6	][	93	]
[	74	][	0	][	121	][	4	][	0	]
============ Room: D3 Capacity: 50 ============
[	0	][	95	][	0	][	38	][	0	]
[	32	][	131	][	62	][	0	][	0	]
[	3	][	92	][	0	][	0	][	90	]
[	0	][	118	][	96	][	0	][	0	]
============ Room: D45 Capacity: 40 ============
[	26	][	0	][	99	][	63	][	0	]
[	0	][	0	][	0	][	37	][	70	]
[	0	][	0	][	144	][	25	][	0	]
[	0	][	132	][	97	][	94	][	0	]
============ Room: D46 Capacity: 40 ============
[	0	][	0	][	0	][	0	][	159	]
[	0	][	0	][	0	][	61	][	77	]
[	27	][	0	][	0	][	0	][	0	]
[	139	][	0	][	0	][	0	][	0	]
============ Room: E1 Capacity: 350 ============
[	0	][	0	][	0	][	116	][	1	]
[	89	][	0	][	140	][	0	][	129	]
[	72	][	141	][	88	][	142	][	0	]
[	0	][	0	][	2	][	0	][	0	]
============ Room: E35 Capacity: 40 ============
[	0	][	30	][	0	][	0	][	0	]
[	0	][	31	][	136	][	0	][	145	]
[	0	][	0	][	157	][	123	][	0	]
[	0	][	119	][	158	][	117	][	0	]
============ Room: E36 Capacity: 40 ============
[	138	][	0	][	98	][	0	][	0	]
[	0	][	0	][	0	][	0	][	5	]
[	0	][	122	][	146	][	130	][	0	]
[	76	][	0	][	0	][	75	][	28	]
============ Room: F1 Capacity: 300 ============
[	68	][	128	][	134	][	147	][	0	]
[	0	][	0	][	0	][	0	][	0	]
[	0	][	135	][	0	][	60	][	0	]
[	0	][	0	][	0	][	0	][	65	]
============ Room: SPEL Capacity: 40 ============
[	0	][	48	][	0	][	82	][	100	]
[	0	][	0	][	9	][	152	][	0	]
[	127	][	0	][	0	][	59	][	13	]
[	0	][	112	][	0	][	0	][	0	]
============ Room: SPOR Capacity: 30 ============
[	0	][	47	][	0	][	55	][	0	]
[	0	][	0	][	66	][	103	][	0	]
[	0	][	0	][	34	][	104	][	0	]
[	54	][	0	][	0	][	150	][	33	]
============ Room: MUSI Capacity: 40 ============
[	0	][	0	][	44	][	106	][	0	]
[	23	][	101	][	126	][	0	][	0	]
[	113	][	43	][	49	][	0	][	0	]
[	10	][	148	][	80	][	39	][	154	]
============ Room: ROD Capacity: 30 ============
[	108	][	16	][	40	][	81	][	0	]
[	124	][	0	][	0	][	11	][	0	]
[	0	][	0	][	19	][	56	][	22	]
[	149	][	0	][	0	][	0	][	53	]
============ Room: ORA Capacity: 30 ============
[	87	][	67	][	41	][	14	][	45	]
[	153	][	0	][	109	][	0	][	0	]
[	0	][	0	][	86	][	155	][	0	]
[	0	][	0	][	85	][	0	][	125	]
============ Room: VIO Capacity: 40 ============
[	0	][	0	][	20	][	52	][	35	]
[	12	][	50	][	115	][	0	][	107	]
[	0	][	0	][	0	][	0	][	0	]
[	0	][	0	][	58	][	0	][	15	]
============ Room: GRA Capacity: 30 ============
[	0	][	0	][	21	][	83	][	84	]
[	0	][	102	][	114	][	105	][	0	]
[	111	][	0	][	0	][	0	][	151	]
[	110	][	57	][	0	][	46	][	0	]
