Number of slots: 320
Number of events: 159
Sparseness: 0.496875

Globalit: 3844 Generations: 685
Fitness: -2	 Created: 77742
Time: 90011ms

Initialtemperature: 4.3InitialIterations: 100Stuck limit: 1000Desired fitness: 0Desired fitness: -9Stuck limit: 100Population size: 100Selection size: 30Mutation type: NORMALP(Mutation) = 6.0%Selection type: NORMALP(Crossover) = 50.0%
============ Room: D1 Capacity: 200 ============
[	0	][	0	][	0	][	0	][	0	]
[	0	][	0	][	140	][	0	][	0	]
[	0	][	116	][	0	][	0	][	0	]
[	156	][	0	][	147	][	0	][	0	]
============ Room: D2 Capacity: 50 ============
[	38	][	74	][	0	][	70	][	157	]
[	0	][	0	][	0	][	146	][	0	]
[	123	][	0	][	0	][	76	][	0	]
[	0	][	0	][	0	][	132	][	0	]
============ Room: D3 Capacity: 50 ============
[	27	][	0	][	145	][	0	][	0	]
[	91	][	0	][	0	][	0	][	0	]
[	133	][	32	][	0	][	30	][	130	]
[	29	][	3	][	0	][	61	][	143	]
============ Room: D45 Capacity: 40 ============
[	37	][	0	][	137	][	0	][	5	]
[	0	][	0	][	0	][	0	][	0	]
[	0	][	97	][	136	][	139	][	0	]
[	0	][	0	][	31	][	93	][	0	]
============ Room: D46 Capacity: 40 ============
[	26	][	95	][	117	][	4	][	0	]
[	92	][	0	][	62	][	69	][	0	]
[	0	][	98	][	0	][	0	][	0	]
[	73	][	0	][	0	][	119	][	7	]
============ Room: E1 Capacity: 350 ============
[	0	][	128	][	42	][	60	][	0	]
[	68	][	36	][	79	][	0	][	24	]
[	17	][	0	][	0	][	2	][	78	]
[	129	][	0	][	0	][	18	][	72	]
============ Room: E35 Capacity: 40 ============
[	25	][	96	][	0	][	122	][	0	]
[	0	][	0	][	159	][	0	][	121	]
[	0	][	0	][	6	][	75	][	158	]
[	28	][	118	][	0	][	90	][	63	]
============ Room: E36 Capacity: 40 ============
[	131	][	99	][	144	][	94	][	0	]
[	138	][	0	][	0	][	0	][	0	]
[	0	][	0	][	0	][	77	][	0	]
[	0	][	0	][	0	][	0	][	0	]
============ Room: F1 Capacity: 300 ============
[	0	][	0	][	89	][	135	][	0	]
[	0	][	51	][	1	][	0	][	64	]
[	0	][	134	][	120	][	0	][	142	]
[	88	][	71	][	8	][	141	][	65	]
============ Room: SPEL Capacity: 40 ============
[	0	][	127	][	0	][	35	][	0	]
[	0	][	86	][	0	][	0	][	113	]
[	112	][	0	][	0	][	151	][	0	]
[	0	][	0	][	84	][	0	][	105	]
============ Room: SPOR Capacity: 30 ============
[	0	][	0	][	16	][	0	][	0	]
[	0	][	114	][	46	][	0	][	152	]
[	108	][	14	][	50	][	0	][	103	]
[	0	][	148	][	109	][	43	][	56	]
============ Room: MUSI Capacity: 40 ============
[	54	][	0	][	66	][	21	][	0	]
[	0	][	9	][	0	][	107	][	153	]
[	0	][	59	][	0	][	0	][	13	]
[	0	][	53	][	87	][	81	][	19	]
============ Room: ROD Capacity: 30 ============
[	0	][	11	][	150	][	0	][	0	]
[	0	][	0	][	0	][	154	][	0	]
[	0	][	85	][	45	][	0	][	22	]
[	0	][	0	][	0	][	0	][	149	]
============ Room: ORA Capacity: 30 ============
[	57	][	155	][	67	][	83	][	52	]
[	0	][	0	][	106	][	101	][	0	]
[	58	][	0	][	47	][	0	][	10	]
[	0	][	0	][	80	][	0	][	41	]
============ Room: VIO Capacity: 40 ============
[	15	][	0	][	0	][	20	][	23	]
[	0	][	0	][	126	][	0	][	0	]
[	82	][	0	][	48	][	111	][	125	]
[	0	][	102	][	55	][	39	][	104	]
============ Room: GRA Capacity: 30 ============
[	100	][	49	][	12	][	0	][	0	]
[	40	][	115	][	0	][	0	][	44	]
[	33	][	0	][	110	][	0	][	124	]
[	34	][	0	][	0	][	0	][	0	]
