Number of slots: 240
Number of events: 115
Sparseness: 0.4791666666666667

Globalit: 3720
Fitness: 0	 Created: 38475
Time: 38480ms

============ Room: D1 Capacity: 200 ============
[	0	][	0	][	0	][	36	][	89	]
[	0	][	0	][	88	][	51	][	18	]
[	1	][	72	][	17	][	0	][	2	]
[	0	][	0	][	0	][	71	][	42	]
============ Room: D2 Capacity: 50 ============
[	93	][	6	][	0	][	76	][	0	]
[	91	][	4	][	0	][	0	][	0	]
[	0	][	0	][	3	][	0	][	0	]
[	0	][	0	][	0	][	63	][	94	]
============ Room: D3 Capacity: 50 ============
[	92	][	0	][	38	][	0	][	0	]
[	0	][	0	][	0	][	27	][	0	]
[	73	][	0	][	0	][	0	][	0	]
[	97	][	0	][	69	][	96	][	0	]
============ Room: D45 Capacity: 40 ============
[	0	][	0	][	0	][	74	][	0	]
[	75	][	0	][	29	][	0	][	0	]
[	0	][	0	][	0	][	0	][	0	]
[	99	][	70	][	0	][	31	][	0	]
============ Room: D46 Capacity: 40 ============
[	0	][	0	][	0	][	77	][	0	]
[	0	][	95	][	0	][	0	][	0	]
[	0	][	0	][	0	][	90	][	0	]
[	25	][	0	][	0	][	0	][	7	]
============ Room: E1 Capacity: 350 ============
[	0	][	0	][	0	][	0	][	0	]
[	60	][	24	][	64	][	68	][	0	]
[	0	][	8	][	0	][	79	][	65	]
[	0	][	0	][	78	][	0	][	0	]
============ Room: E35 Capacity: 40 ============
[	28	][	5	][	37	][	0	][	0	]
[	0	][	98	][	30	][	0	][	0	]
[	0	][	32	][	0	][	0	][	62	]
[	61	][	0	][	0	][	0	][	26	]
============ Room: SPEL Capacity: 40 ============
[	44	][	20	][	86	][	0	][	0	]
[	10	][	0	][	0	][	0	][	0	]
[	0	][	22	][	0	][	0	][	34	]
[	0	][	105	][	111	][	11	][	82	]
============ Room: SPOR Capacity: 30 ============
[	80	][	0	][	87	][	0	][	48	]
[	9	][	0	][	58	][	100	][	0	]
[	0	][	67	][	112	][	0	][	55	]
[	0	][	0	][	113	][	0	][	0	]
============ Room: MUSI Capacity: 40 ============
[	33	][	0	][	103	][	12	][	41	]
[	0	][	57	][	39	][	107	][	0	]
[	0	][	114	][	0	][	21	][	56	]
[	40	][	101	][	47	][	59	][	81	]
============ Room: ROD Capacity: 30 ============
[	14	][	106	][	50	][	0	][	15	]
[	54	][	0	][	13	][	0	][	110	]
[	109	][	0	][	66	][	35	][	108	]
[	83	][	19	][	46	][	0	][	0	]
============ Room: ORA Capacity: 30 ============
[	0	][	49	][	84	][	43	][	0	]
[	23	][	0	][	0	][	104	][	16	]
[	115	][	0	][	0	][	53	][	0	]
[	52	][	102	][	45	][	0	][	85	]
