Number of slots: 240
Number of events: 115
Sparseness: 0.4791666666666667

Globalit: 4828
Fitness: 0	 Created: 49949
Time: 49958ms

============ Room: D1 Capacity: 200 ============
[	0	][	0	][	64	][	8	][	0	]
[	0	][	0	][	65	][	0	][	60	]
[	0	][	0	][	0	][	0	][	0	]
[	0	][	89	][	0	][	24	][	88	]
============ Room: D2 Capacity: 50 ============
[	0	][	0	][	29	][	0	][	0	]
[	0	][	0	][	0	][	0	][	0	]
[	0	][	0	][	0	][	0	][	0	]
[	28	][	0	][	6	][	0	][	0	]
============ Room: D3 Capacity: 50 ============
[	0	][	0	][	37	][	0	][	91	]
[	96	][	0	][	0	][	31	][	0	]
[	25	][	0	][	0	][	0	][	62	]
[	90	][	0	][	0	][	0	][	0	]
============ Room: D45 Capacity: 40 ============
[	0	][	0	][	0	][	94	][	0	]
[	27	][	0	][	61	][	30	][	75	]
[	0	][	69	][	0	][	0	][	0	]
[	76	][	0	][	0	][	73	][	0	]
============ Room: D46 Capacity: 40 ============
[	0	][	0	][	0	][	93	][	0	]
[	0	][	74	][	77	][	97	][	7	]
[	0	][	0	][	99	][	63	][	5	]
[	0	][	0	][	95	][	0	][	26	]
============ Room: E1 Capacity: 350 ============
[	36	][	72	][	78	][	0	][	17	]
[	79	][	0	][	18	][	0	][	0	]
[	2	][	42	][	1	][	0	][	0	]
[	51	][	0	][	0	][	68	][	71	]
============ Room: E35 Capacity: 40 ============
[	3	][	70	][	0	][	0	][	92	]
[	0	][	32	][	4	][	0	][	0	]
[	0	][	0	][	38	][	0	][	0	]
[	0	][	0	][	98	][	0	][	0	]
============ Room: SPEL Capacity: 40 ============
[	115	][	102	][	0	][	0	][	82	]
[	56	][	14	][	40	][	9	][	23	]
[	0	][	112	][	0	][	10	][	86	]
[	0	][	12	][	0	][	41	][	44	]
============ Room: SPOR Capacity: 30 ============
[	113	][	19	][	0	][	81	][	0	]
[	34	][	108	][	0	][	0	][	0	]
[	52	][	110	][	83	][	85	][	0	]
[	0	][	21	][	54	][	104	][	0	]
============ Room: MUSI Capacity: 40 ============
[	49	][	106	][	48	][	58	][	66	]
[	0	][	109	][	0	][	0	][	59	]
[	0	][	16	][	80	][	103	][	20	]
[	0	][	47	][	0	][	55	][	0	]
============ Room: ROD Capacity: 30 ============
[	43	][	53	][	11	][	57	][	39	]
[	0	][	13	][	0	][	87	][	0	]
[	0	][	111	][	0	][	67	][	0	]
[	0	][	0	][	22	][	0	][	33	]
============ Room: ORA Capacity: 30 ============
[	84	][	0	][	0	][	0	][	0	]
[	0	][	114	][	0	][	15	][	100	]
[	35	][	0	][	45	][	107	][	101	]
[	0	][	46	][	0	][	105	][	50	]
