Number of slots: 320
Number of events: 159
Sparseness: 0.496875

Globalit: 3992 Generations: 591
Fitness: -2	 Created: 87855
Time: 90003ms

Initialtemperature: 4.3InitialIterations: 100Stuck limit: 1000Desired fitness: 0Desired fitness: -9Stuck limit: 100Population size: 100Selection size: 30Mutation type: NORMALP(Mutation) = 6.0%Selection type: NORMALP(Crossover) = 50.0%
============ Room: D1 Capacity: 200 ============
[	0	][	141	][	79	][	147	][	0	]
[	0	][	0	][	0	][	120	][	89	]
[	142	][	42	][	116	][	60	][	0	]
[	0	][	78	][	8	][	88	][	0	]
============ Room: D2 Capacity: 50 ============
[	6	][	0	][	0	][	0	][	0	]
[	90	][	0	][	0	][	69	][	37	]
[	96	][	95	][	76	][	0	][	0	]
[	123	][	0	][	0	][	70	][	0	]
============ Room: D3 Capacity: 50 ============
[	97	][	0	][	0	][	133	][	0	]
[	0	][	0	][	0	][	136	][	29	]
[	0	][	32	][	0	][	0	][	0	]
[	0	][	0	][	0	][	139	][	0	]
============ Room: D45 Capacity: 40 ============
[	0	][	77	][	0	][	0	][	0	]
[	121	][	118	][	4	][	137	][	0	]
[	159	][	0	][	74	][	138	][	0	]
[	93	][	3	][	0	][	0	][	0	]
============ Room: D46 Capacity: 40 ============
[	119	][	0	][	144	][	0	][	0	]
[	0	][	26	][	94	][	31	][	0	]
[	7	][	99	][	0	][	0	][	0	]
[	0	][	5	][	73	][	0	][	145	]
============ Room: E1 Capacity: 350 ============
[	0	][	128	][	64	][	0	][	0	]
[	0	][	0	][	156	][	0	][	0	]
[	0	][	0	][	1	][	71	][	0	]
[	0	][	0	][	24	][	0	][	51	]
============ Room: E35 Capacity: 40 ============
[	0	][	0	][	143	][	0	][	0	]
[	0	][	0	][	0	][	92	][	0	]
[	0	][	0	][	0	][	28	][	30	]
[	0	][	132	][	75	][	62	][	0	]
============ Room: E36 Capacity: 40 ============
[	146	][	158	][	130	][	91	][	25	]
[	38	][	27	][	0	][	0	][	122	]
[	157	][	98	][	61	][	0	][	63	]
[	131	][	0	][	117	][	0	][	0	]
============ Room: F1 Capacity: 300 ============
[	135	][	0	][	2	][	0	][	68	]
[	18	][	0	][	17	][	140	][	134	]
[	129	][	0	][	0	][	0	][	72	]
[	0	][	0	][	65	][	0	][	36	]
============ Room: SPEL Capacity: 40 ============
[	0	][	0	][	0	][	0	][	0	]
[	9	][	0	][	0	][	0	][	0	]
[	46	][	87	][	0	][	0	][	112	]
[	154	][	40	][	0	][	86	][	126	]
============ Room: SPOR Capacity: 30 ============
[	0	][	48	][	106	][	0	][	101	]
[	0	][	0	][	0	][	149	][	85	]
[	67	][	0	][	0	][	44	][	151	]
[	35	][	114	][	33	][	0	][	0	]
============ Room: MUSI Capacity: 40 ============
[	0	][	19	][	45	][	0	][	47	]
[	0	][	49	][	0	][	148	][	0	]
[	50	][	0	][	107	][	115	][	108	]
[	0	][	0	][	54	][	13	][	15	]
============ Room: ROD Capacity: 30 ============
[	58	][	0	][	0	][	0	][	43	]
[	0	][	153	][	0	][	0	][	150	]
[	0	][	0	][	0	][	125	][	111	]
[	23	][	155	][	0	][	0	][	0	]
============ Room: ORA Capacity: 30 ============
[	34	][	0	][	0	][	0	][	41	]
[	0	][	105	][	66	][	11	][	0	]
[	0	][	124	][	0	][	39	][	16	]
[	0	][	52	][	100	][	0	][	110	]
============ Room: VIO Capacity: 40 ============
[	0	][	104	][	0	][	56	][	0	]
[	55	][	152	][	81	][	21	][	82	]
[	83	][	84	][	22	][	0	][	0	]
[	12	][	0	][	102	][	0	][	0	]
============ Room: GRA Capacity: 30 ============
[	57	][	127	][	0	][	80	][	10	]
[	0	][	0	][	0	][	0	][	0	]
[	0	][	0	][	53	][	0	][	59	]
[	14	][	113	][	103	][	20	][	109	]
