Number of slots: 256
Number of events: 159
Sparseness: 0.62109375

Globalit: 1057
Fitness: -4	 Created: 1901
Time: 1902ms

Hard broken: 0
Time limit: 90000
Initialtemperature: 4.3
InitialIterations: 10
My value: -6.83E-4
Stuck limit: 2147483647
Desired fitness: -4

============ Room: D1 Capacity: 200 ============
[	18	][	140	][	0	][	120	]
[	2	][	1	][	0	][	64	]
[	60	][	17	][	72	][	36	]
[	142	][	0	][	89	][	128	]
============ Room: D2 Capacity: 50 ============
[	0	][	37	][	0	][	7	]
[	119	][	0	][	0	][	93	]
[	0	][	0	][	31	][	0	]
[	0	][	0	][	136	][	0	]
============ Room: D3 Capacity: 50 ============
[	5	][	133	][	30	][	0	]
[	0	][	123	][	38	][	0	]
[	0	][	0	][	145	][	4	]
[	25	][	122	][	0	][	98	]
============ Room: D45 Capacity: 40 ============
[	159	][	0	][	0	][	137	]
[	63	][	0	][	0	][	138	]
[	118	][	69	][	0	][	76	]
[	0	][	139	][	0	][	0	]
============ Room: D46 Capacity: 40 ============
[	0	][	158	][	157	][	0	]
[	29	][	0	][	90	][	70	]
[	0	][	0	][	6	][	61	]
[	0	][	97	][	0	][	96	]
============ Room: E1 Capacity: 350 ============
[	0	][	0	][	116	][	0	]
[	0	][	0	][	147	][	0	]
[	24	][	0	][	42	][	0	]
[	68	][	0	][	8	][	156	]
============ Room: E35 Capacity: 40 ============
[	32	][	26	][	0	][	62	]
[	131	][	0	][	143	][	91	]
[	132	][	77	][	0	][	130	]
[	73	][	27	][	0	][	95	]
============ Room: E36 Capacity: 40 ============
[	3	][	0	][	146	][	0	]
[	0	][	99	][	92	][	94	]
[	0	][	75	][	117	][	28	]
[	74	][	121	][	0	][	144	]
============ Room: F1 Capacity: 300 ============
[	135	][	78	][	134	][	0	]
[	65	][	0	][	129	][	0	]
[	79	][	0	][	0	][	88	]
[	51	][	141	][	71	][	0	]
============ Room: SPEL Capacity: 40 ============
[	43	][	115	][	0	][	0	]
[	109	][	35	][	44	][	87	]
[	0	][	126	][	19	][	0	]
[	0	][	67	][	53	][	0	]
============ Room: SPOR Capacity: 30 ============
[	84	][	0	][	0	][	45	]
[	151	][	0	][	16	][	0	]
[	0	][	107	][	149	][	0	]
[	106	][	0	][	0	][	0	]
============ Room: MUSI Capacity: 40 ============
[	101	][	0	][	33	][	114	]
[	56	][	0	][	0	][	0	]
[	111	][	0	][	100	][	0	]
[	104	][	150	][	127	][	0	]
============ Room: ROD Capacity: 30 ============
[	0	][	110	][	46	][	0	]
[	83	][	20	][	0	][	0	]
[	0	][	0	][	22	][	124	]
[	105	][	57	][	54	][	40	]
============ Room: ORA Capacity: 30 ============
[	81	][	11	][	85	][	50	]
[	148	][	21	][	14	][	0	]
[	59	][	12	][	0	][	153	]
[	103	][	0	][	41	][	49	]
============ Room: VIO Capacity: 40 ============
[	102	][	13	][	15	][	0	]
[	82	][	0	][	0	][	9	]
[	152	][	125	][	23	][	47	]
[	34	][	58	][	0	][	10	]
============ Room: GRA Capacity: 30 ============
[	80	][	55	][	108	][	0	]
[	113	][	66	][	0	][	154	]
[	112	][	48	][	0	][	0	]
[	155	][	52	][	39	][	86	]
