Number of slots: 256
Number of events: 159
Sparseness: 0.62109375

Globalit: 4389
Fitness: -4	 Created: 7616
Time: 7617ms

Hard broken: 0
Time limit: 90000
Initialtemperature: 4.3
InitialIterations: 10
My value: -6.83E-4
Stuck limit: 2147483647
Desired fitness: -4

============ Room: D1 Capacity: 200 ============
[	79	][	0	][	156	][	128	]
[	0	][	78	][	2	][	147	]
[	0	][	0	][	68	][	1	]
[	135	][	0	][	134	][	140	]
============ Room: D2 Capacity: 50 ============
[	137	][	63	][	0	][	121	]
[	0	][	136	][	28	][	96	]
[	0	][	0	][	157	][	0	]
[	0	][	0	][	93	][	73	]
============ Room: D3 Capacity: 50 ============
[	0	][	76	][	138	][	3	]
[	25	][	70	][	139	][	0	]
[	119	][	0	][	130	][	123	]
[	94	][	77	][	26	][	0	]
============ Room: D45 Capacity: 40 ============
[	0	][	0	][	7	][	0	]
[	0	][	145	][	146	][	97	]
[	133	][	61	][	0	][	0	]
[	62	][	0	][	92	][	0	]
============ Room: D46 Capacity: 40 ============
[	122	][	74	][	0	][	0	]
[	117	][	32	][	0	][	6	]
[	0	][	99	][	0	][	0	]
[	37	][	75	][	0	][	0	]
============ Room: E1 Capacity: 350 ============
[	24	][	129	][	0	][	36	]
[	0	][	0	][	42	][	0	]
[	71	][	72	][	0	][	88	]
[	18	][	17	][	141	][	0	]
============ Room: E35 Capacity: 40 ============
[	158	][	29	][	0	][	0	]
[	69	][	27	][	0	][	95	]
[	144	][	98	][	0	][	0	]
[	5	][	0	][	91	][	0	]
============ Room: E36 Capacity: 40 ============
[	0	][	30	][	143	][	159	]
[	38	][	31	][	118	][	132	]
[	0	][	0	][	131	][	0	]
[	4	][	0	][	90	][	0	]
============ Room: F1 Capacity: 300 ============
[	64	][	89	][	60	][	0	]
[	0	][	0	][	65	][	0	]
[	0	][	120	][	116	][	0	]
[	142	][	0	][	51	][	8	]
============ Room: SPEL Capacity: 40 ============
[	0	][	0	][	0	][	0	]
[	15	][	57	][	151	][	48	]
[	21	][	12	][	103	][	0	]
[	124	][	16	][	154	][	0	]
============ Room: SPOR Capacity: 30 ============
[	47	][	55	][	0	][	0	]
[	112	][	107	][	109	][	127	]
[	0	][	0	][	20	][	19	]
[	148	][	115	][	0	][	40	]
============ Room: MUSI Capacity: 40 ============
[	67	][	58	][	22	][	100	]
[	0	][	11	][	80	][	82	]
[	155	][	150	][	0	][	23	]
[	59	][	0	][	153	][	0	]
============ Room: ROD Capacity: 30 ============
[	0	][	0	][	84	][	53	]
[	149	][	101	][	0	][	87	]
[	0	][	0	][	86	][	0	]
[	0	][	0	][	33	][	0	]
============ Room: ORA Capacity: 30 ============
[	110	][	13	][	81	][	54	]
[	10	][	14	][	85	][	0	]
[	108	][	0	][	49	][	83	]
[	0	][	66	][	0	][	0	]
============ Room: VIO Capacity: 40 ============
[	111	][	0	][	104	][	0	]
[	44	][	0	][	35	][	0	]
[	0	][	56	][	102	][	0	]
[	126	][	113	][	9	][	52	]
============ Room: GRA Capacity: 30 ============
[	0	][	34	][	41	][	106	]
[	46	][	105	][	114	][	39	]
[	43	][	0	][	50	][	45	]
[	125	][	152	][	0	][	0	]
