Number of slots: 240
Number of events: 115
Sparseness: 0.4791666666666667

Generations: 6896
Fitness: -4	 Created: 7145
Time: 90002ms

============ Room: D1 Capacity: 200 ============
[	1	][	42	][	8	][	0	][	24	]
[	68	][	0	][	0	][	0	][	0	]
[	0	][	89	][	51	][	72	][	17	]
[	64	][	0	][	0	][	0	][	79	]
============ Room: D2 Capacity: 50 ============
[	0	][	0	][	0	][	30	][	4	]
[	0	][	90	][	0	][	93	][	97	]
[	0	][	0	][	0	][	0	][	37	]
[	0	][	0	][	5	][	0	][	62	]
============ Room: D3 Capacity: 50 ============
[	98	][	38	][	0	][	0	][	0	]
[	0	][	94	][	0	][	0	][	76	]
[	0	][	0	][	0	][	0	][	75	]
[	0	][	0	][	26	][	31	][	32	]
============ Room: D45 Capacity: 40 ============
[	0	][	99	][	69	][	0	][	0	]
[	0	][	70	][	0	][	0	][	0	]
[	0	][	0	][	0	][	0	][	91	]
[	0	][	0	][	3	][	0	][	0	]
============ Room: D46 Capacity: 40 ============
[	0	][	0	][	61	][	0	][	0	]
[	0	][	7	][	92	][	0	][	95	]
[	25	][	27	][	0	][	29	][	73	]
[	0	][	0	][	0	][	0	][	0	]
============ Room: E1 Capacity: 350 ============
[	0	][	0	][	78	][	0	][	0	]
[	36	][	18	][	0	][	0	][	0	]
[	65	][	71	][	88	][	0	][	0	]
[	0	][	0	][	60	][	0	][	2	]
============ Room: E35 Capacity: 40 ============
[	0	][	96	][	0	][	28	][	6	]
[	63	][	0	][	0	][	0	][	0	]
[	0	][	0	][	0	][	0	][	77	]
[	0	][	0	][	0	][	74	][	0	]
============ Room: SPEL Capacity: 40 ============
[	0	][	0	][	41	][	109	][	82	]
[	80	][	0	][	21	][	0	][	11	]
[	0	][	0	][	14	][	112	][	12	]
[	0	][	105	][	87	][	15	][	114	]
============ Room: SPOR Capacity: 30 ============
[	58	][	19	][	47	][	40	][	59	]
[	83	][	85	][	84	][	35	][	0	]
[	104	][	0	][	0	][	0	][	0	]
[	66	][	34	][	0	][	100	][	20	]
============ Room: MUSI Capacity: 40 ============
[	0	][	0	][	0	][	0	][	0	]
[	50	][	81	][	0	][	9	][	0	]
[	102	][	43	][	0	][	45	][	13	]
[	56	][	10	][	46	][	101	][	0	]
============ Room: ROD Capacity: 30 ============
[	0	][	0	][	39	][	0	][	55	]
[	49	][	86	][	0	][	67	][	22	]
[	0	][	0	][	0	][	113	][	44	]
[	0	][	0	][	106	][	53	][	54	]
============ Room: ORA Capacity: 30 ============
[	0	][	23	][	103	][	57	][	108	]
[	107	][	0	][	16	][	0	][	0	]
[	48	][	0	][	0	][	110	][	0	]
[	115	][	0	][	33	][	52	][	111	]
