Number of slots: 240
Number of events: 115
Sparseness: 0.4791666666666667

Globalit: 4030
Fitness: 0	 Created: 36937
Time: 36942ms

============ Room: D1 Capacity: 200 ============
[	0	][	79	][	0	][	0	][	0	]
[	68	][	65	][	0	][	0	][	78	]
[	0	][	0	][	64	][	0	][	0	]
[	0	][	51	][	0	][	0	][	0	]
============ Room: D2 Capacity: 50 ============
[	7	][	0	][	27	][	29	][	0	]
[	0	][	91	][	28	][	76	][	0	]
[	0	][	0	][	0	][	0	][	75	]
[	0	][	0	][	0	][	0	][	0	]
============ Room: D3 Capacity: 50 ============
[	37	][	5	][	70	][	0	][	0	]
[	0	][	92	][	97	][	0	][	32	]
[	0	][	0	][	0	][	0	][	0	]
[	0	][	69	][	0	][	0	][	0	]
============ Room: D45 Capacity: 40 ============
[	98	][	31	][	0	][	0	][	61	]
[	0	][	0	][	99	][	0	][	0	]
[	0	][	0	][	90	][	74	][	0	]
[	0	][	0	][	0	][	0	][	25	]
============ Room: D46 Capacity: 40 ============
[	0	][	0	][	0	][	3	][	94	]
[	30	][	63	][	0	][	0	][	0	]
[	26	][	0	][	77	][	0	][	0	]
[	0	][	6	][	96	][	0	][	95	]
============ Room: E1 Capacity: 350 ============
[	0	][	88	][	72	][	0	][	1	]
[	2	][	24	][	0	][	60	][	0	]
[	0	][	71	][	36	][	8	][	89	]
[	17	][	18	][	0	][	0	][	42	]
============ Room: E35 Capacity: 40 ============
[	0	][	0	][	0	][	0	][	0	]
[	0	][	93	][	0	][	0	][	0	]
[	0	][	0	][	0	][	38	][	73	]
[	0	][	4	][	62	][	0	][	0	]
============ Room: SPEL Capacity: 40 ============
[	0	][	0	][	11	][	85	][	0	]
[	106	][	87	][	12	][	0	][	43	]
[	110	][	16	][	0	][	105	][	20	]
[	0	][	108	][	59	][	22	][	0	]
============ Room: SPOR Capacity: 30 ============
[	0	][	45	][	13	][	111	][	0	]
[	0	][	0	][	0	][	35	][	50	]
[	0	][	52	][	10	][	0	][	34	]
[	0	][	84	][	0	][	107	][	0	]
============ Room: MUSI Capacity: 40 ============
[	21	][	49	][	104	][	114	][	44	]
[	0	][	40	][	9	][	54	][	0	]
[	0	][	0	][	0	][	46	][	0	]
[	39	][	112	][	57	][	55	][	0	]
============ Room: ROD Capacity: 30 ============
[	56	][	0	][	0	][	0	][	0	]
[	48	][	15	][	0	][	101	][	0	]
[	58	][	66	][	0	][	0	][	14	]
[	0	][	41	][	81	][	0	][	33	]
============ Room: ORA Capacity: 30 ============
[	86	][	23	][	100	][	67	][	80	]
[	0	][	0	][	47	][	103	][	102	]
[	113	][	115	][	0	][	19	][	53	]
[	82	][	109	][	0	][	83	][	0	]
