Number of slots: 256
Number of events: 159
Sparseness: 0.62109375

Globalit: 1087
Fitness: -4	 Created: 1869
Time: 1870ms

Hard broken: 0
Time limit: 90000
Initialtemperature: 4.3
InitialIterations: 10
My value: -6.83E-4
Stuck limit: 2147483647
Desired fitness: -4

============ Room: D1 Capacity: 200 ============
[	0	][	0	][	79	][	140	]
[	141	][	8	][	116	][	78	]
[	68	][	0	][	128	][	65	]
[	2	][	0	][	72	][	51	]
============ Room: D2 Capacity: 50 ============
[	131	][	37	][	143	][	136	]
[	0	][	76	][	5	][	133	]
[	6	][	91	][	146	][	144	]
[	0	][	29	][	117	][	0	]
============ Room: D3 Capacity: 50 ============
[	0	][	0	][	158	][	0	]
[	69	][	139	][	159	][	132	]
[	0	][	94	][	7	][	0	]
[	0	][	98	][	138	][	0	]
============ Room: D45 Capacity: 40 ============
[	93	][	77	][	0	][	0	]
[	118	][	145	][	0	][	38	]
[	27	][	0	][	119	][	137	]
[	73	][	0	][	0	][	0	]
============ Room: D46 Capacity: 40 ============
[	0	][	74	][	121	][	3	]
[	0	][	70	][	0	][	92	]
[	0	][	0	][	0	][	97	]
[	157	][	95	][	0	][	30	]
============ Room: E1 Capacity: 350 ============
[	156	][	135	][	18	][	0	]
[	0	][	0	][	129	][	17	]
[	134	][	1	][	0	][	71	]
[	42	][	0	][	64	][	0	]
============ Room: E35 Capacity: 40 ============
[	0	][	61	][	0	][	63	]
[	0	][	25	][	0	][	0	]
[	0	][	0	][	75	][	99	]
[	0	][	96	][	0	][	0	]
============ Room: E36 Capacity: 40 ============
[	0	][	122	][	31	][	0	]
[	32	][	123	][	0	][	90	]
[	0	][	28	][	4	][	0	]
[	130	][	0	][	26	][	62	]
============ Room: F1 Capacity: 300 ============
[	120	][	0	][	88	][	89	]
[	0	][	0	][	24	][	0	]
[	36	][	142	][	60	][	0	]
[	0	][	147	][	0	][	0	]
============ Room: SPEL Capacity: 40 ============
[	0	][	43	][	58	][	20	]
[	110	][	103	][	104	][	0	]
[	52	][	0	][	22	][	0	]
[	115	][	53	][	41	][	40	]
============ Room: SPOR Capacity: 30 ============
[	0	][	111	][	59	][	0	]
[	57	][	0	][	0	][	15	]
[	0	][	50	][	106	][	125	]
[	0	][	0	][	0	][	126	]
============ Room: MUSI Capacity: 40 ============
[	67	][	0	][	0	][	0	]
[	0	][	0	][	84	][	154	]
[	0	][	45	][	34	][	0	]
[	0	][	85	][	101	][	83	]
============ Room: ROD Capacity: 30 ============
[	0	][	9	][	0	][	23	]
[	0	][	54	][	35	][	49	]
[	86	][	0	][	0	][	39	]
[	112	][	80	][	102	][	0	]
============ Room: ORA Capacity: 30 ============
[	56	][	44	][	0	][	151	]
[	109	][	0	][	81	][	153	]
[	105	][	87	][	46	][	0	]
[	113	][	0	][	100	][	108	]
============ Room: VIO Capacity: 40 ============
[	19	][	148	][	0	][	124	]
[	21	][	152	][	66	][	0	]
[	107	][	155	][	149	][	16	]
[	127	][	82	][	150	][	0	]
============ Room: GRA Capacity: 30 ============
[	14	][	12	][	0	][	0	]
[	10	][	0	][	48	][	13	]
[	55	][	33	][	47	][	11	]
[	0	][	0	][	0	][	114	]
