Number of slots: 320
Number of events: 159
Sparseness: 0.496875

Globalit: 454
Fitness: -9128	 Created: 962
Time: 1001ms

Hard broken: 4
Initialtemperature: 0.69487
InitialIterations: 10
My value: -1.4384E-5
Stuck limit: 2147483647
Desired fitness: -50
Time limit: 1000

============ Room: D1 Capacity: 200 ============
[	0	][	36	][	116	][	0	][	65	]
[	24	][	129	][	2	][	0	][	0	]
[	71	][	120	][	0	][	0	][	60	]
[	135	][	0	][	141	][	0	][	17	]
============ Room: D2 Capacity: 50 ============
[	0	][	97	][	4	][	76	][	121	]
[	0	][	0	][	75	][	0	][	28	]
[	63	][	0	][	0	][	27	][	0	]
[	44	][	95	][	0	][	0	][	3	]
============ Room: D3 Capacity: 50 ============
[	0	][	143	][	157	][	32	][	0	]
[	92	][	0	][	0	][	123	][	0	]
[	0	][	0	][	145	][	132	][	0	]
[	29	][	0	][	77	][	93	][	0	]
============ Room: D45 Capacity: 40 ============
[	0	][	96	][	0	][	91	][	0	]
[	136	][	30	][	138	][	159	][	62	]
[	131	][	0	][	146	][	69	][	73	]
[	0	][	0	][	70	][	0	][	0	]
============ Room: D46 Capacity: 40 ============
[	133	][	0	][	137	][	0	][	0	]
[	0	][	38	][	119	][	0	][	37	]
[	130	][	61	][	0	][	0	][	26	]
[	0	][	0	][	0	][	0	][	0	]
============ Room: E1 Capacity: 350 ============
[	0	][	42	][	79	][	1	][	64	]
[	0	][	142	][	0	][	0	][	72	]
[	51	][	140	][	134	][	0	][	68	]
[	156	][	128	][	0	][	0	][	0	]
============ Room: E35 Capacity: 40 ============
[	118	][	144	][	7	][	0	][	0	]
[	0	][	0	][	0	][	158	][	0	]
[	0	][	0	][	0	][	0	][	74	]
[	0	][	0	][	0	][	90	][	117	]
============ Room: E36 Capacity: 40 ============
[	0	][	0	][	139	][	31	][	6	]
[	0	][	0	][	0	][	5	][	122	]
[	0	][	0	][	94	][	25	][	0	]
[	0	][	99	][	98	][	0	][	0	]
============ Room: F1 Capacity: 300 ============
[	0	][	0	][	0	][	0	][	88	]
[	78	][	8	][	0	][	0	][	0	]
[	0	][	18	][	147	][	0	][	89	]
[	0	][	0	][	0	][	0	][	0	]
============ Room: SPEL Capacity: 40 ============
[	54	][	0	][	102	][	0	][	0	]
[	154	][	0	][	108	][	0	][	106	]
[	109	][	81	][	0	][	100	][	0	]
[	114	][	53	][	0	][	0	][	34	]
============ Room: SPOR Capacity: 30 ============
[	126	][	0	][	0	][	48	][	0	]
[	0	][	127	][	148	][	85	][	9	]
[	112	][	155	][	20	][	55	][	0	]
[	0	][	0	][	0	][	67	][	0	]
============ Room: MUSI Capacity: 40 ============
[	13	][	152	][	56	][	0	][	50	]
[	0	][	150	][	0	][	0	][	0	]
[	19	][	11	][	124	][	0	][	35	]
[	110	][	0	][	0	][	84	][	0	]
============ Room: ROD Capacity: 30 ============
[	57	][	0	][	105	][	125	][	46	]
[	107	][	45	][	113	][	47	][	15	]
[	22	][	0	][	0	][	101	][	58	]
[	0	][	0	][	0	][	49	][	0	]
============ Room: ORA Capacity: 30 ============
[	87	][	21	][	41	][	0	][	0	]
[	153	][	0	][	0	][	40	][	0	]
[	0	][	111	][	0	][	0	][	0	]
[	0	][	0	][	0	][	0	][	104	]
============ Room: VIO Capacity: 40 ============
[	12	][	0	][	0	][	0	][	23	]
[	0	][	0	][	0	][	0	][	103	]
[	0	][	82	][	43	][	0	][	0	]
[	0	][	151	][	149	][	10	][	83	]
============ Room: GRA Capacity: 30 ============
[	86	][	16	][	59	][	0	][	80	]
[	0	][	115	][	33	][	0	][	0	]
[	0	][	14	][	39	][	0	][	0	]
[	0	][	52	][	0	][	0	][	66	]
