Number of slots: 240
Number of events: 115
Sparseness: 0.4791666666666667

Globalit: 508 Generations: 441
Fitness: 0	 Created: 11105
Time: 11106ms

============ Room: D1 Capacity: 200 ============
[	0	][	0	][	65	][	0	][	0	]
[	0	][	0	][	0	][	78	][	0	]
[	0	][	0	][	0	][	0	][	0	]
[	24	][	79	][	8	][	42	][	0	]
============ Room: D2 Capacity: 50 ============
[	0	][	92	][	0	][	70	][	4	]
[	26	][	0	][	32	][	0	][	7	]
[	0	][	0	][	0	][	0	][	37	]
[	0	][	98	][	38	][	0	][	27	]
============ Room: D3 Capacity: 50 ============
[	0	][	0	][	29	][	61	][	0	]
[	0	][	0	][	0	][	0	][	0	]
[	0	][	0	][	0	][	0	][	30	]
[	0	][	3	][	69	][	76	][	93	]
============ Room: D45 Capacity: 40 ============
[	5	][	0	][	0	][	0	][	0	]
[	0	][	0	][	0	][	0	][	0	]
[	0	][	0	][	0	][	0	][	0	]
[	0	][	62	][	0	][	0	][	75	]
============ Room: D46 Capacity: 40 ============
[	94	][	0	][	0	][	0	][	0	]
[	97	][	0	][	25	][	0	][	0	]
[	91	][	74	][	0	][	28	][	0	]
[	0	][	96	][	0	][	0	][	90	]
============ Room: E1 Capacity: 350 ============
[	60	][	2	][	1	][	72	][	0	]
[	0	][	0	][	88	][	36	][	18	]
[	0	][	17	][	64	][	89	][	0	]
[	71	][	68	][	51	][	0	][	0	]
============ Room: E35 Capacity: 40 ============
[	31	][	0	][	0	][	6	][	73	]
[	95	][	0	][	0	][	0	][	0	]
[	0	][	0	][	0	][	0	][	0	]
[	0	][	99	][	77	][	63	][	0	]
============ Room: SPEL Capacity: 40 ============
[	0	][	0	][	110	][	54	][	0	]
[	0	][	49	][	10	][	112	][	115	]
[	22	][	109	][	0	][	0	][	0	]
[	45	][	0	][	19	][	0	][	35	]
============ Room: SPOR Capacity: 30 ============
[	0	][	20	][	82	][	0	][	106	]
[	0	][	0	][	0	][	14	][	0	]
[	0	][	108	][	103	][	87	][	0	]
[	9	][	40	][	107	][	104	][	33	]
============ Room: MUSI Capacity: 40 ============
[	55	][	0	][	34	][	41	][	0	]
[	66	][	83	][	0	][	44	][	80	]
[	59	][	0	][	85	][	43	][	101	]
[	113	][	52	][	0	][	12	][	0	]
============ Room: ROD Capacity: 30 ============
[	57	][	86	][	0	][	21	][	48	]
[	0	][	0	][	0	][	0	][	47	]
[	23	][	50	][	67	][	0	][	11	]
[	0	][	0	][	105	][	100	][	0	]
============ Room: ORA Capacity: 30 ============
[	0	][	53	][	58	][	111	][	0	]
[	84	][	81	][	46	][	114	][	39	]
[	0	][	16	][	15	][	0	][	13	]
[	0	][	56	][	102	][	0	][	0	]
