Number of slots: 240
Number of events: 115
Sparseness: 0.4791666666666667

Globalit: 2284 Generations: 424
Fitness: 0	 Created: 29443
Time: 29443ms

============ Room: D1 Capacity: 200 ============
[	60	][	0	][	0	][	0	][	0	]
[	18	][	0	][	0	][	17	][	0	]
[	65	][	0	][	79	][	68	][	0	]
[	42	][	36	][	24	][	78	][	0	]
============ Room: D2 Capacity: 50 ============
[	0	][	0	][	0	][	37	][	0	]
[	0	][	0	][	4	][	0	][	0	]
[	0	][	99	][	93	][	3	][	74	]
[	0	][	0	][	0	][	0	][	0	]
============ Room: D3 Capacity: 50 ============
[	0	][	0	][	0	][	38	][	0	]
[	95	][	0	][	30	][	98	][	0	]
[	90	][	0	][	0	][	0	][	0	]
[	29	][	6	][	75	][	70	][	0	]
============ Room: D45 Capacity: 40 ============
[	0	][	0	][	0	][	0	][	0	]
[	0	][	0	][	0	][	31	][	0	]
[	0	][	27	][	91	][	61	][	0	]
[	0	][	0	][	0	][	0	][	25	]
============ Room: D46 Capacity: 40 ============
[	0	][	69	][	0	][	0	][	0	]
[	0	][	28	][	0	][	0	][	0	]
[	63	][	97	][	0	][	0	][	32	]
[	5	][	76	][	0	][	0	][	0	]
============ Room: E1 Capacity: 350 ============
[	89	][	8	][	71	][	2	][	0	]
[	0	][	0	][	88	][	0	][	0	]
[	1	][	72	][	0	][	0	][	51	]
[	0	][	0	][	0	][	64	][	0	]
============ Room: E35 Capacity: 40 ============
[	0	][	0	][	94	][	0	][	73	]
[	0	][	0	][	0	][	0	][	0	]
[	77	][	96	][	92	][	62	][	0	]
[	0	][	7	][	0	][	0	][	26	]
============ Room: SPEL Capacity: 40 ============
[	0	][	53	][	20	][	19	][	33	]
[	84	][	13	][	46	][	57	][	0	]
[	0	][	0	][	16	][	100	][	0	]
[	0	][	0	][	0	][	0	][	9	]
============ Room: SPOR Capacity: 30 ============
[	86	][	0	][	0	][	115	][	43	]
[	82	][	0	][	39	][	55	][	58	]
[	0	][	44	][	67	][	80	][	0	]
[	40	][	112	][	45	][	52	][	50	]
============ Room: MUSI Capacity: 40 ============
[	81	][	0	][	0	][	0	][	22	]
[	0	][	0	][	0	][	0	][	108	]
[	0	][	49	][	0	][	104	][	111	]
[	110	][	21	][	0	][	105	][	12	]
============ Room: ROD Capacity: 30 ============
[	0	][	0	][	41	][	59	][	15	]
[	0	][	107	][	83	][	0	][	113	]
[	47	][	0	][	35	][	0	][	23	]
[	85	][	109	][	102	][	56	][	87	]
============ Room: ORA Capacity: 30 ============
[	66	][	0	][	0	][	54	][	10	]
[	0	][	103	][	0	][	0	][	14	]
[	48	][	0	][	34	][	0	][	0	]
[	114	][	0	][	101	][	106	][	11	]
