Number of slots: 320
Number of events: 159
Sparseness: 0.496875

Globalit: 3489 Generations: 1022
Fitness: -2	 Created: 89867
Time: 90011ms

Initialtemperature: 4.3InitialIterations: 100Stuck limit: 1000Desired fitness: 0Desired fitness: -9Stuck limit: 100Population size: 100Selection size: 30Mutation type: NORMALP(Mutation) = 6.0%Selection type: NORMALP(Crossover) = 50.0%
============ Room: D1 Capacity: 200 ============
[	147	][	0	][	0	][	2	][	0	]
[	24	][	0	][	65	][	0	][	0	]
[	0	][	72	][	71	][	134	][	0	]
[	0	][	135	][	8	][	0	][	0	]
============ Room: D2 Capacity: 50 ============
[	37	][	0	][	0	][	0	][	3	]
[	0	][	144	][	95	][	96	][	0	]
[	0	][	0	][	0	][	0	][	0	]
[	0	][	0	][	0	][	98	][	145	]
============ Room: D3 Capacity: 50 ============
[	0	][	137	][	157	][	32	][	0	]
[	6	][	0	][	0	][	62	][	75	]
[	0	][	0	][	132	][	0	][	31	]
[	0	][	0	][	139	][	0	][	0	]
============ Room: D45 Capacity: 40 ============
[	0	][	138	][	0	][	0	][	30	]
[	91	][	0	][	136	][	130	][	0	]
[	0	][	70	][	26	][	0	][	77	]
[	0	][	0	][	0	][	0	][	0	]
============ Room: D46 Capacity: 40 ============
[	99	][	0	][	92	][	0	][	0	]
[	90	][	0	][	0	][	0	][	123	]
[	28	][	94	][	0	][	93	][	121	]
[	7	][	0	][	146	][	119	][	0	]
============ Room: E1 Capacity: 350 ============
[	60	][	78	][	0	][	0	][	51	]
[	0	][	0	][	0	][	0	][	0	]
[	0	][	0	][	64	][	116	][	0	]
[	79	][	0	][	0	][	18	][	17	]
============ Room: E35 Capacity: 40 ============
[	0	][	159	][	0	][	0	][	74	]
[	5	][	0	][	25	][	97	][	0	]
[	0	][	61	][	0	][	0	][	0	]
[	69	][	63	][	27	][	117	][	0	]
============ Room: E36 Capacity: 40 ============
[	0	][	0	][	4	][	0	][	29	]
[	0	][	118	][	73	][	76	][	131	]
[	143	][	158	][	0	][	38	][	133	]
[	122	][	0	][	0	][	0	][	0	]
============ Room: F1 Capacity: 300 ============
[	0	][	36	][	0	][	120	][	156	]
[	140	][	128	][	42	][	141	][	1	]
[	0	][	0	][	89	][	0	][	88	]
[	129	][	142	][	0	][	68	][	0	]
============ Room: SPEL Capacity: 40 ============
[	0	][	20	][	80	][	81	][	0	]
[	0	][	0	][	0	][	0	][	150	]
[	102	][	9	][	49	][	154	][	0	]
[	0	][	0	][	115	][	11	][	114	]
============ Room: SPOR Capacity: 30 ============
[	0	][	0	][	87	][	0	][	0	]
[	0	][	151	][	0	][	0	][	45	]
[	107	][	47	][	0	][	23	][	21	]
[	0	][	14	][	0	][	0	][	113	]
============ Room: MUSI Capacity: 40 ============
[	0	][	0	][	82	][	0	][	0	]
[	0	][	22	][	0	][	50	][	103	]
[	104	][	0	][	0	][	0	][	0	]
[	54	][	111	][	0	][	0	][	83	]
============ Room: ROD Capacity: 30 ============
[	44	][	57	][	35	][	0	][	0	]
[	52	][	48	][	0	][	0	][	0	]
[	59	][	0	][	152	][	153	][	66	]
[	56	][	12	][	0	][	40	][	53	]
============ Room: ORA Capacity: 30 ============
[	13	][	55	][	0	][	106	][	0	]
[	0	][	100	][	124	][	126	][	67	]
[	0	][	0	][	39	][	0	][	16	]
[	0	][	112	][	0	][	0	][	0	]
============ Room: VIO Capacity: 40 ============
[	0	][	0	][	0	][	105	][	109	]
[	125	][	86	][	148	][	149	][	41	]
[	127	][	0	][	15	][	85	][	46	]
[	110	][	43	][	84	][	0	][	155	]
============ Room: GRA Capacity: 30 ============
[	0	][	0	][	58	][	101	][	108	]
[	33	][	19	][	0	][	0	][	0	]
[	0	][	10	][	0	][	0	][	0	]
[	34	][	0	][	0	][	0	][	0	]
