Number of slots: 320
Number of events: 159
Sparseness: 0.496875

Globalit: 3940 Generations: 591
Fitness: -3	 Created: 34856
Time: 90012ms

Initialtemperature: 4.3InitialIterations: 100Stuck limit: 1000Desired fitness: 0Desired fitness: -9Stuck limit: 100Population size: 100Selection size: 30Mutation type: NORMALP(Mutation) = 6.0%Selection type: NORMALP(Crossover) = 50.0%
============ Room: D1 Capacity: 200 ============
[	0	][	0	][	0	][	0	][	88	]
[	116	][	0	][	0	][	0	][	0	]
[	129	][	64	][	89	][	0	][	0	]
[	142	][	0	][	0	][	141	][	71	]
============ Room: D2 Capacity: 50 ============
[	0	][	0	][	137	][	117	][	0	]
[	0	][	0	][	0	][	121	][	94	]
[	97	][	0	][	77	][	0	][	0	]
[	133	][	0	][	0	][	5	][	145	]
============ Room: D3 Capacity: 50 ============
[	3	][	74	][	0	][	27	][	131	]
[	0	][	0	][	122	][	0	][	130	]
[	0	][	0	][	63	][	0	][	0	]
[	26	][	0	][	0	][	32	][	0	]
============ Room: D45 Capacity: 40 ============
[	0	][	0	][	0	][	138	][	0	]
[	4	][	0	][	157	][	139	][	37	]
[	0	][	136	][	0	][	0	][	0	]
[	0	][	25	][	0	][	0	][	90	]
============ Room: D46 Capacity: 40 ============
[	0	][	123	][	0	][	119	][	73	]
[	0	][	0	][	38	][	93	][	28	]
[	159	][	98	][	0	][	95	][	92	]
[	0	][	75	][	70	][	0	][	0	]
============ Room: E1 Capacity: 350 ============
[	0	][	17	][	2	][	72	][	120	]
[	0	][	0	][	140	][	8	][	0	]
[	0	][	0	][	51	][	134	][	135	]
[	0	][	0	][	36	][	18	][	24	]
============ Room: E35 Capacity: 40 ============
[	0	][	0	][	0	][	31	][	0	]
[	0	][	118	][	7	][	29	][	61	]
[	96	][	69	][	158	][	0	][	30	]
[	0	][	0	][	144	][	0	][	0	]
============ Room: E36 Capacity: 40 ============
[	91	][	0	][	0	][	146	][	0	]
[	6	][	0	][	62	][	76	][	0	]
[	99	][	0	][	0	][	0	][	0	]
[	132	][	0	][	0	][	0	][	143	]
============ Room: F1 Capacity: 300 ============
[	0	][	68	][	0	][	0	][	0	]
[	0	][	0	][	0	][	0	][	79	]
[	78	][	1	][	128	][	65	][	0	]
[	0	][	60	][	156	][	42	][	147	]
============ Room: SPEL Capacity: 40 ============
[	0	][	0	][	0	][	102	][	49	]
[	0	][	9	][	0	][	148	][	0	]
[	14	][	0	][	39	][	0	][	83	]
[	59	][	0	][	0	][	152	][	0	]
============ Room: SPOR Capacity: 30 ============
[	44	][	150	][	21	][	43	][	153	]
[	23	][	110	][	84	][	40	][	13	]
[	15	][	0	][	0	][	154	][	80	]
[	0	][	104	][	105	][	108	][	0	]
============ Room: MUSI Capacity: 40 ============
[	0	][	0	][	34	][	46	][	33	]
[	52	][	66	][	48	][	53	][	0	]
[	0	][	0	][	0	][	0	][	0	]
[	155	][	106	][	22	][	0	][	12	]
============ Room: ROD Capacity: 30 ============
[	149	][	0	][	85	][	100	][	47	]
[	0	][	0	][	0	][	151	][	57	]
[	0	][	54	][	0	][	0	][	0	]
[	112	][	0	][	87	][	115	][	11	]
============ Room: ORA Capacity: 30 ============
[	82	][	0	][	81	][	101	][	35	]
[	58	][	0	][	0	][	0	][	0	]
[	45	][	0	][	0	][	0	][	0	]
[	124	][	0	][	55	][	0	][	0	]
============ Room: VIO Capacity: 40 ============
[	0	][	0	][	0	][	103	][	0	]
[	86	][	0	][	0	][	0	][	56	]
[	19	][	20	][	0	][	126	][	41	]
[	0	][	0	][	0	][	111	][	0	]
============ Room: GRA Capacity: 30 ============
[	50	][	114	][	0	][	16	][	0	]
[	107	][	113	][	0	][	0	][	127	]
[	0	][	0	][	67	][	125	][	0	]
[	0	][	0	][	0	][	109	][	10	]
