Number of slots: 256
Number of events: 159
Sparseness: 0.62109375

Globalit: 2239
Fitness: -4	 Created: 3743
Time: 3744ms

Hard broken: 0
Time limit: 90000
Initialtemperature: 4.3
InitialIterations: 10
My value: -6.83E-4
Stuck limit: 2147483647
Desired fitness: -4

============ Room: D1 Capacity: 200 ============
[	0	][	51	][	0	][	0	]
[	128	][	156	][	0	][	0	]
[	24	][	72	][	8	][	71	]
[	147	][	2	][	140	][	0	]
============ Room: D2 Capacity: 50 ============
[	130	][	0	][	0	][	0	]
[	0	][	0	][	143	][	146	]
[	123	][	92	][	0	][	3	]
[	31	][	25	][	63	][	73	]
============ Room: D3 Capacity: 50 ============
[	69	][	61	][	0	][	0	]
[	117	][	77	][	0	][	7	]
[	159	][	121	][	27	][	0	]
[	97	][	98	][	26	][	0	]
============ Room: D45 Capacity: 40 ============
[	75	][	145	][	94	][	0	]
[	90	][	0	][	158	][	0	]
[	5	][	138	][	0	][	144	]
[	132	][	0	][	0	][	0	]
============ Room: D46 Capacity: 40 ============
[	76	][	0	][	62	][	28	]
[	32	][	133	][	30	][	0	]
[	0	][	0	][	0	][	37	]
[	0	][	99	][	157	][	0	]
============ Room: E1 Capacity: 350 ============
[	0	][	0	][	0	][	42	]
[	0	][	0	][	89	][	60	]
[	36	][	141	][	142	][	0	]
[	68	][	134	][	135	][	88	]
============ Room: E35 Capacity: 40 ============
[	118	][	6	][	139	][	137	]
[	91	][	29	][	0	][	0	]
[	0	][	0	][	38	][	131	]
[	0	][	70	][	0	][	4	]
============ Room: E36 Capacity: 40 ============
[	119	][	136	][	122	][	0	]
[	0	][	0	][	0	][	96	]
[	0	][	93	][	0	][	0	]
[	95	][	0	][	0	][	74	]
============ Room: F1 Capacity: 300 ============
[	64	][	0	][	17	][	0	]
[	79	][	0	][	0	][	120	]
[	65	][	0	][	129	][	0	]
[	18	][	78	][	1	][	116	]
============ Room: SPEL Capacity: 40 ============
[	0	][	126	][	0	][	0	]
[	11	][	0	][	59	][	0	]
[	46	][	48	][	66	][	0	]
[	57	][	0	][	54	][	0	]
============ Room: SPOR Capacity: 30 ============
[	107	][	101	][	15	][	14	]
[	0	][	0	][	0	][	58	]
[	111	][	149	][	108	][	0	]
[	56	][	151	][	83	][	23	]
============ Room: MUSI Capacity: 40 ============
[	49	][	102	][	153	][	12	]
[	22	][	0	][	16	][	87	]
[	0	][	0	][	113	][	109	]
[	81	][	40	][	80	][	154	]
============ Room: ROD Capacity: 30 ============
[	0	][	39	][	34	][	9	]
[	0	][	67	][	35	][	86	]
[	0	][	0	][	150	][	0	]
[	0	][	0	][	106	][	0	]
============ Room: ORA Capacity: 30 ============
[	104	][	20	][	0	][	124	]
[	152	][	103	][	13	][	0	]
[	44	][	47	][	84	][	112	]
[	127	][	53	][	33	][	0	]
============ Room: VIO Capacity: 40 ============
[	0	][	100	][	0	][	115	]
[	10	][	125	][	0	][	0	]
[	50	][	0	][	114	][	0	]
[	0	][	0	][	0	][	41	]
============ Room: GRA Capacity: 30 ============
[	45	][	155	][	0	][	148	]
[	52	][	105	][	0	][	82	]
[	110	][	0	][	43	][	21	]
[	55	][	0	][	85	][	19	]
