Number of slots: 240
Number of events: 115
Sparseness: 0.4791666666666667

Generations: 6875
Fitness: -3	 Created: 12166
Time: 90003ms

============ Room: D1 Capacity: 200 ============
[	0	][	42	][	0	][	88	][	0	]
[	0	][	68	][	65	][	79	][	0	]
[	1	][	51	][	2	][	0	][	36	]
[	64	][	0	][	0	][	60	][	0	]
============ Room: D2 Capacity: 50 ============
[	91	][	0	][	0	][	32	][	37	]
[	0	][	0	][	0	][	99	][	76	]
[	95	][	0	][	0	][	90	][	26	]
[	98	][	0	][	25	][	0	][	70	]
============ Room: D3 Capacity: 50 ============
[	0	][	0	][	0	][	73	][	0	]
[	6	][	0	][	0	][	27	][	5	]
[	96	][	62	][	0	][	38	][	0	]
[	0	][	0	][	0	][	97	][	69	]
============ Room: D45 Capacity: 40 ============
[	0	][	0	][	0	][	7	][	75	]
[	0	][	0	][	0	][	0	][	92	]
[	0	][	31	][	0	][	0	][	93	]
[	0	][	0	][	3	][	0	][	29	]
============ Room: D46 Capacity: 40 ============
[	94	][	0	][	0	][	4	][	63	]
[	74	][	0	][	0	][	0	][	0	]
[	0	][	0	][	0	][	0	][	0	]
[	0	][	0	][	0	][	0	][	0	]
============ Room: E1 Capacity: 350 ============
[	0	][	0	][	18	][	17	][	24	]
[	89	][	71	][	0	][	0	][	0	]
[	0	][	0	][	0	][	0	][	72	]
[	0	][	78	][	0	][	0	][	8	]
============ Room: E35 Capacity: 40 ============
[	30	][	28	][	0	][	0	][	0	]
[	0	][	0	][	0	][	0	][	0	]
[	61	][	0	][	0	][	0	][	0	]
[	0	][	0	][	0	][	77	][	0	]
============ Room: SPEL Capacity: 40 ============
[	0	][	112	][	52	][	44	][	0	]
[	0	][	0	][	83	][	55	][	0	]
[	48	][	107	][	0	][	87	][	0	]
[	81	][	0	][	80	][	0	][	0	]
============ Room: SPOR Capacity: 30 ============
[	57	][	0	][	10	][	0	][	100	]
[	0	][	102	][	39	][	41	][	40	]
[	82	][	105	][	111	][	67	][	0	]
[	86	][	0	][	109	][	0	][	59	]
============ Room: MUSI Capacity: 40 ============
[	0	][	11	][	9	][	0	][	0	]
[	34	][	50	][	0	][	56	][	0	]
[	0	][	0	][	0	][	84	][	47	]
[	49	][	46	][	115	][	23	][	0	]
============ Room: ROD Capacity: 30 ============
[	54	][	113	][	101	][	45	][	106	]
[	58	][	103	][	114	][	0	][	66	]
[	22	][	104	][	0	][	0	][	14	]
[	21	][	12	][	108	][	0	][	0	]
============ Room: ORA Capacity: 30 ============
[	0	][	35	][	33	][	43	][	0	]
[	0	][	0	][	13	][	15	][	0	]
[	19	][	0	][	20	][	53	][	0	]
[	0	][	0	][	110	][	16	][	85	]
