Number of slots: 320
Number of events: 159
Sparseness: 0.496875

Globalit: 4628
Fitness: -4	 Created: 84490
Time: 90018ms

Initialtemperature: 43.0InitialIterations: 100Stuck limit: 2147483647Desired fitness: 0
============ Room: D1 Capacity: 200 ============
[	0	][	0	][	0	][	0	][	24	]
[	0	][	0	][	128	][	42	][	0	]
[	129	][	120	][	18	][	134	][	135	]
[	0	][	141	][	0	][	0	][	0	]
============ Room: D2 Capacity: 50 ============
[	26	][	137	][	75	][	0	][	0	]
[	0	][	32	][	0	][	69	][	0	]
[	0	][	0	][	130	][	0	][	0	]
[	157	][	118	][	37	][	90	][	0	]
============ Room: D3 Capacity: 50 ============
[	0	][	92	][	0	][	31	][	0	]
[	139	][	0	][	123	][	0	][	158	]
[	0	][	0	][	133	][	0	][	119	]
[	74	][	94	][	0	][	0	][	91	]
============ Room: D45 Capacity: 40 ============
[	0	][	27	][	70	][	132	][	0	]
[	63	][	73	][	0	][	62	][	29	]
[	98	][	28	][	0	][	0	][	0	]
[	0	][	131	][	0	][	0	][	93	]
============ Room: D46 Capacity: 40 ============
[	38	][	159	][	3	][	0	][	0	]
[	5	][	99	][	121	][	0	][	144	]
[	0	][	0	][	95	][	6	][	0	]
[	0	][	0	][	0	][	0	][	122	]
============ Room: E1 Capacity: 350 ============
[	156	][	72	][	0	][	1	][	89	]
[	142	][	0	][	88	][	0	][	0	]
[	0	][	51	][	147	][	65	][	2	]
[	0	][	0	][	0	][	116	][	71	]
============ Room: E35 Capacity: 40 ============
[	138	][	0	][	0	][	0	][	0	]
[	117	][	0	][	76	][	0	][	0	]
[	4	][	0	][	0	][	0	][	77	]
[	30	][	7	][	0	][	61	][	0	]
============ Room: E36 Capacity: 40 ============
[	25	][	0	][	136	][	0	][	0	]
[	0	][	145	][	0	][	0	][	146	]
[	97	][	0	][	96	][	0	][	0	]
[	143	][	0	][	0	][	0	][	0	]
============ Room: F1 Capacity: 300 ============
[	0	][	0	][	0	][	140	][	0	]
[	0	][	0	][	0	][	0	][	8	]
[	68	][	79	][	0	][	78	][	60	]
[	36	][	0	][	0	][	17	][	64	]
============ Room: SPEL Capacity: 40 ============
[	0	][	0	][	127	][	81	][	0	]
[	86	][	56	][	46	][	0	][	104	]
[	85	][	150	][	0	][	106	][	113	]
[	124	][	0	][	0	][	83	][	54	]
============ Room: SPOR Capacity: 30 ============
[	84	][	0	][	114	][	0	][	0	]
[	0	][	0	][	34	][	153	][	52	]
[	0	][	0	][	44	][	0	][	109	]
[	0	][	48	][	0	][	0	][	11	]
============ Room: MUSI Capacity: 40 ============
[	47	][	0	][	19	][	0	][	0	]
[	45	][	23	][	0	][	105	][	0	]
[	0	][	0	][	0	][	43	][	0	]
[	0	][	0	][	58	][	149	][	0	]
============ Room: ROD Capacity: 30 ============
[	0	][	0	][	0	][	80	][	57	]
[	103	][	0	][	154	][	107	][	0	]
[	0	][	0	][	0	][	0	][	22	]
[	112	][	0	][	67	][	41	][	15	]
============ Room: ORA Capacity: 30 ============
[	0	][	53	][	125	][	0	][	16	]
[	101	][	152	][	0	][	0	][	40	]
[	0	][	110	][	0	][	0	][	0	]
[	50	][	0	][	9	][	13	][	14	]
============ Room: VIO Capacity: 40 ============
[	0	][	0	][	0	][	0	][	55	]
[	0	][	66	][	0	][	155	][	102	]
[	49	][	33	][	0	][	0	][	115	]
[	126	][	39	][	0	][	10	][	0	]
============ Room: GRA Capacity: 30 ============
[	0	][	0	][	151	][	111	][	0	]
[	100	][	59	][	35	][	20	][	0	]
[	21	][	12	][	87	][	0	][	0	]
[	0	][	82	][	108	][	148	][	0	]
