Number of slots: 320
Number of events: 159
Sparseness: 0.496875

Globalit: 446
Fitness: -3144	 Created: 854
Time: 1002ms

Hard broken: 2
Initialtemperature: 0.69487
InitialIterations: 10
My value: -1.4384E-5
Stuck limit: 2147483647
Desired fitness: -50
Time limit: 1000

============ Room: D1 Capacity: 200 ============
[	89	][	0	][	51	][	0	][	42	]
[	129	][	0	][	18	][	0	][	135	]
[	71	][	120	][	79	][	0	][	141	]
[	65	][	0	][	0	][	60	][	0	]
============ Room: D2 Capacity: 50 ============
[	3	][	74	][	133	][	25	][	138	]
[	0	][	122	][	0	][	0	][	0	]
[	61	][	92	][	0	][	145	][	4	]
[	0	][	0	][	0	][	6	][	0	]
============ Room: D3 Capacity: 50 ============
[	0	][	0	][	0	][	157	][	0	]
[	0	][	0	][	130	][	123	][	0	]
[	63	][	0	][	131	][	0	][	26	]
[	0	][	0	][	0	][	118	][	0	]
============ Room: D45 Capacity: 40 ============
[	0	][	0	][	99	][	0	][	0	]
[	0	][	137	][	0	][	38	][	28	]
[	5	][	0	][	0	][	77	][	97	]
[	0	][	0	][	0	][	158	][	0	]
============ Room: D46 Capacity: 40 ============
[	0	][	0	][	0	][	0	][	0	]
[	30	][	0	][	32	][	29	][	0	]
[	31	][	76	][	0	][	37	][	139	]
[	0	][	62	][	0	][	0	][	93	]
============ Room: E1 Capacity: 350 ============
[	0	][	0	][	0	][	142	][	0	]
[	0	][	0	][	147	][	0	][	0	]
[	140	][	0	][	0	][	0	][	36	]
[	0	][	156	][	1	][	128	][	24	]
============ Room: E35 Capacity: 40 ============
[	119	][	132	][	0	][	75	][	69	]
[	94	][	90	][	0	][	159	][	144	]
[	136	][	0	][	0	][	0	][	98	]
[	0	][	0	][	0	][	7	][	0	]
============ Room: E36 Capacity: 40 ============
[	27	][	0	][	96	][	0	][	146	]
[	143	][	0	][	73	][	0	][	70	]
[	121	][	0	][	91	][	0	][	95	]
[	0	][	0	][	0	][	117	][	0	]
============ Room: F1 Capacity: 300 ============
[	0	][	88	][	0	][	2	][	0	]
[	8	][	64	][	0	][	0	][	0	]
[	17	][	0	][	0	][	134	][	68	]
[	0	][	72	][	0	][	78	][	116	]
============ Room: SPEL Capacity: 40 ============
[	81	][	10	][	149	][	0	][	109	]
[	45	][	46	][	101	][	108	][	0	]
[	0	][	0	][	125	][	0	][	87	]
[	0	][	0	][	0	][	0	][	86	]
============ Room: SPOR Capacity: 30 ============
[	0	][	22	][	0	][	0	][	0	]
[	0	][	154	][	0	][	83	][	44	]
[	0	][	0	][	16	][	0	][	0	]
[	0	][	56	][	0	][	0	][	0	]
============ Room: MUSI Capacity: 40 ============
[	0	][	57	][	0	][	54	][	111	]
[	84	][	80	][	100	][	14	][	39	]
[	107	][	151	][	9	][	0	][	43	]
[	105	][	58	][	0	][	102	][	0	]
============ Room: ROD Capacity: 30 ============
[	59	][	106	][	21	][	0	][	0	]
[	0	][	13	][	0	][	0	][	115	]
[	150	][	12	][	53	][	0	][	124	]
[	0	][	0	][	0	][	48	][	0	]
============ Room: ORA Capacity: 30 ============
[	0	][	55	][	67	][	0	][	11	]
[	153	][	152	][	66	][	113	][	0	]
[	104	][	15	][	0	][	0	][	0	]
[	0	][	52	][	0	][	33	][	50	]
============ Room: VIO Capacity: 40 ============
[	41	][	0	][	35	][	34	][	114	]
[	40	][	155	][	0	][	47	][	0	]
[	0	][	0	][	0	][	103	][	0	]
[	0	][	0	][	0	][	0	][	0	]
============ Room: GRA Capacity: 30 ============
[	85	][	0	][	82	][	0	][	112	]
[	0	][	23	][	0	][	49	][	0	]
[	0	][	0	][	126	][	148	][	127	]
[	19	][	110	][	20	][	0	][	0	]
