Number of slots: 320
Number of events: 159
Sparseness: 0.496875

Generations: 3895
Fitness: -5	 Created: 81062
Time: 90011ms

Desired fitness: 0Stuck limit: 2147483647Population size: 100Selection size: 30Mutation type: NORMALP(Mutation) = 6.0%Selection type: NORMALP(Crossover) = 50.0%
============ Room: D1 Capacity: 200 ============
[	116	][	0	][	71	][	0	][	79	]
[	0	][	120	][	135	][	142	][	134	]
[	88	][	65	][	0	][	0	][	0	]
[	0	][	0	][	156	][	0	][	36	]
============ Room: D2 Capacity: 50 ============
[	0	][	0	][	132	][	73	][	0	]
[	25	][	0	][	0	][	94	][	70	]
[	123	][	130	][	121	][	0	][	0	]
[	0	][	0	][	0	][	0	][	0	]
============ Room: D3 Capacity: 50 ============
[	0	][	0	][	90	][	118	][	61	]
[	0	][	138	][	119	][	0	][	7	]
[	0	][	0	][	146	][	0	][	0	]
[	0	][	91	][	0	][	0	][	144	]
============ Room: D45 Capacity: 40 ============
[	69	][	0	][	0	][	95	][	26	]
[	0	][	0	][	27	][	139	][	6	]
[	0	][	62	][	159	][	30	][	0	]
[	133	][	0	][	122	][	76	][	0	]
============ Room: D46 Capacity: 40 ============
[	32	][	0	][	0	][	98	][	117	]
[	99	][	0	][	143	][	0	][	0	]
[	5	][	0	][	0	][	0	][	96	]
[	37	][	0	][	0	][	0	][	0	]
============ Room: E1 Capacity: 350 ============
[	0	][	128	][	68	][	17	][	0	]
[	0	][	18	][	0	][	0	][	0	]
[	60	][	8	][	51	][	72	][	0	]
[	0	][	129	][	24	][	64	][	0	]
============ Room: E35 Capacity: 40 ============
[	74	][	31	][	92	][	38	][	137	]
[	0	][	0	][	0	][	136	][	93	]
[	0	][	0	][	131	][	0	][	0	]
[	75	][	4	][	0	][	0	][	29	]
============ Room: E36 Capacity: 40 ============
[	0	][	97	][	0	][	0	][	0	]
[	0	][	0	][	145	][	157	][	0	]
[	3	][	63	][	158	][	0	][	77	]
[	0	][	0	][	0	][	0	][	28	]
============ Room: F1 Capacity: 300 ============
[	0	][	0	][	147	][	0	][	89	]
[	2	][	42	][	0	][	0	][	0	]
[	0	][	140	][	0	][	0	][	0	]
[	0	][	141	][	78	][	0	][	1	]
============ Room: SPEL Capacity: 40 ============
[	155	][	16	][	52	][	9	][	0	]
[	53	][	0	][	108	][	57	][	0	]
[	0	][	0	][	0	][	0	][	15	]
[	0	][	82	][	0	][	107	][	45	]
============ Room: SPOR Capacity: 30 ============
[	19	][	12	][	59	][	0	][	0	]
[	0	][	103	][	0	][	0	][	0	]
[	83	][	125	][	21	][	0	][	39	]
[	58	][	0	][	0	][	0	][	101	]
============ Room: MUSI Capacity: 40 ============
[	0	][	0	][	55	][	154	][	66	]
[	85	][	35	][	87	][	0	][	22	]
[	34	][	84	][	110	][	102	][	150	]
[	0	][	47	][	0	][	0	][	106	]
============ Room: ROD Capacity: 30 ============
[	0	][	124	][	0	][	0	][	151	]
[	153	][	0	][	0	][	0	][	0	]
[	0	][	0	][	109	][	0	][	0	]
[	0	][	48	][	41	][	23	][	46	]
============ Room: ORA Capacity: 30 ============
[	0	][	0	][	0	][	0	][	44	]
[	86	][	14	][	149	][	56	][	148	]
[	80	][	127	][	114	][	33	][	43	]
[	112	][	0	][	11	][	20	][	152	]
============ Room: VIO Capacity: 40 ============
[	111	][	126	][	0	][	0	][	0	]
[	0	][	13	][	113	][	67	][	81	]
[	0	][	0	][	0	][	100	][	0	]
[	115	][	0	][	0	][	0	][	0	]
============ Room: GRA Capacity: 30 ============
[	0	][	0	][	0	][	0	][	0	]
[	0	][	10	][	0	][	0	][	0	]
[	54	][	50	][	0	][	105	][	0	]
[	0	][	49	][	0	][	40	][	104	]
