Number of slots: 320
Number of events: 159
Sparseness: 0.496875

Globalit: 4667
Fitness: -3	 Created: 72267
Time: 90005ms

Initialtemperature: 43.0InitialIterations: 100Stuck limit: 2147483647Desired fitness: 0
============ Room: D1 Capacity: 200 ============
[	72	][	0	][	0	][	0	][	156	]
[	0	][	129	][	0	][	0	][	68	]
[	89	][	0	][	71	][	60	][	0	]
[	140	][	51	][	0	][	128	][	42	]
============ Room: D2 Capacity: 50 ============
[	0	][	0	][	70	][	37	][	0	]
[	0	][	74	][	118	][	0	][	143	]
[	0	][	0	][	69	][	99	][	91	]
[	0	][	0	][	0	][	61	][	0	]
============ Room: D3 Capacity: 50 ============
[	131	][	119	][	0	][	139	][	0	]
[	0	][	90	][	0	][	159	][	123	]
[	27	][	77	][	0	][	138	][	92	]
[	0	][	75	][	122	][	98	][	62	]
============ Room: D45 Capacity: 40 ============
[	29	][	0	][	0	][	38	][	0	]
[	0	][	157	][	0	][	0	][	158	]
[	6	][	0	][	31	][	0	][	0	]
[	117	][	0	][	132	][	28	][	0	]
============ Room: D46 Capacity: 40 ============
[	0	][	0	][	0	][	95	][	0	]
[	93	][	0	][	0	][	3	][	7	]
[	0	][	0	][	0	][	32	][	25	]
[	0	][	4	][	0	][	0	][	0	]
============ Room: E1 Capacity: 350 ============
[	0	][	79	][	0	][	78	][	0	]
[	0	][	0	][	17	][	135	][	0	]
[	0	][	134	][	0	][	0	][	0	]
[	24	][	18	][	65	][	0	][	0	]
============ Room: E35 Capacity: 40 ============
[	97	][	0	][	137	][	136	][	0	]
[	30	][	0	][	0	][	0	][	0	]
[	130	][	0	][	133	][	96	][	0	]
[	0	][	0	][	121	][	73	][	0	]
============ Room: E36 Capacity: 40 ============
[	0	][	0	][	0	][	0	][	0	]
[	5	][	63	][	0	][	144	][	0	]
[	0	][	76	][	145	][	0	][	26	]
[	0	][	0	][	94	][	0	][	146	]
============ Room: F1 Capacity: 300 ============
[	0	][	0	][	0	][	0	][	0	]
[	120	][	8	][	142	][	64	][	88	]
[	36	][	0	][	0	][	147	][	116	]
[	2	][	0	][	0	][	141	][	1	]
============ Room: SPEL Capacity: 40 ============
[	0	][	105	][	102	][	0	][	87	]
[	0	][	0	][	59	][	0	][	22	]
[	0	][	0	][	148	][	80	][	44	]
[	84	][	126	][	55	][	15	][	107	]
============ Room: SPOR Capacity: 30 ============
[	0	][	0	][	154	][	0	][	16	]
[	149	][	0	][	9	][	109	][	0	]
[	0	][	66	][	0	][	0	][	0	]
[	49	][	0	][	54	][	0	][	0	]
============ Room: MUSI Capacity: 40 ============
[	0	][	13	][	0	][	153	][	21	]
[	0	][	45	][	150	][	50	][	82	]
[	0	][	0	][	108	][	56	][	0	]
[	46	][	0	][	0	][	0	][	86	]
============ Room: ROD Capacity: 30 ============
[	11	][	106	][	41	][	0	][	83	]
[	0	][	0	][	12	][	0	][	57	]
[	0	][	0	][	47	][	0	][	40	]
[	112	][	0	][	0	][	33	][	101	]
============ Room: ORA Capacity: 30 ============
[	0	][	58	][	0	][	0	][	0	]
[	34	][	0	][	113	][	85	][	0	]
[	0	][	104	][	0	][	0	][	155	]
[	110	][	0	][	39	][	0	][	0	]
============ Room: VIO Capacity: 40 ============
[	0	][	103	][	23	][	125	][	124	]
[	0	][	48	][	0	][	20	][	0	]
[	127	][	100	][	43	][	0	][	81	]
[	115	][	0	][	14	][	0	][	0	]
============ Room: GRA Capacity: 30 ============
[	0	][	152	][	10	][	0	][	114	]
[	0	][	19	][	52	][	35	][	0	]
[	151	][	53	][	0	][	67	][	0	]
[	0	][	111	][	0	][	0	][	0	]
