Number of slots: 320
Number of events: 159
Sparseness: 0.496875

Generations: 3993
Fitness: -10	 Created: 87421
Time: 90007ms

Desired fitness: 0Stuck limit: 2147483647Population size: 100Selection size: 30Mutation type: NORMALP(Mutation) = 6.0%Selection type: NORMALP(Crossover) = 50.0%
============ Room: D1 Capacity: 200 ============
[	0	][	71	][	0	][	0	][	0	]
[	135	][	0	][	141	][	88	][	147	]
[	0	][	0	][	0	][	51	][	18	]
[	128	][	0	][	0	][	60	][	0	]
============ Room: D2 Capacity: 50 ============
[	27	][	145	][	73	][	74	][	0	]
[	31	][	29	][	131	][	26	][	69	]
[	0	][	119	][	91	][	6	][	4	]
[	144	][	61	][	0	][	0	][	0	]
============ Room: D3 Capacity: 50 ============
[	0	][	0	][	75	][	0	][	0	]
[	99	][	32	][	28	][	122	][	0	]
[	0	][	25	][	0	][	0	][	0	]
[	0	][	0	][	94	][	77	][	146	]
============ Room: D45 Capacity: 40 ============
[	0	][	0	][	0	][	0	][	0	]
[	0	][	0	][	3	][	0	][	90	]
[	0	][	0	][	121	][	0	][	130	]
[	0	][	0	][	5	][	70	][	0	]
============ Room: D46 Capacity: 40 ============
[	143	][	0	][	0	][	0	][	0	]
[	0	][	76	][	133	][	0	][	0	]
[	0	][	157	][	92	][	0	][	0	]
[	95	][	38	][	93	][	123	][	0	]
============ Room: E1 Capacity: 350 ============
[	79	][	0	][	36	][	0	][	68	]
[	42	][	0	][	78	][	2	][	1	]
[	140	][	72	][	0	][	65	][	0	]
[	0	][	142	][	120	][	0	][	116	]
============ Room: E35 Capacity: 40 ============
[	0	][	30	][	0	][	62	][	117	]
[	0	][	0	][	158	][	0	][	0	]
[	37	][	136	][	0	][	0	][	0	]
[	98	][	118	][	132	][	0	][	0	]
============ Room: E36 Capacity: 40 ============
[	0	][	138	][	0	][	0	][	0	]
[	0	][	137	][	0	][	0	][	0	]
[	96	][	159	][	0	][	0	][	0	]
[	0	][	97	][	7	][	139	][	63	]
============ Room: F1 Capacity: 300 ============
[	129	][	0	][	24	][	0	][	0	]
[	0	][	0	][	0	][	64	][	0	]
[	156	][	0	][	8	][	0	][	0	]
[	0	][	134	][	0	][	89	][	17	]
============ Room: SPEL Capacity: 40 ============
[	0	][	109	][	0	][	115	][	111	]
[	0	][	0	][	0	][	0	][	0	]
[	0	][	13	][	149	][	148	][	87	]
[	0	][	0	][	0	][	0	][	0	]
============ Room: SPOR Capacity: 30 ============
[	57	][	154	][	0	][	0	][	82	]
[	16	][	0	][	52	][	0	][	81	]
[	0	][	14	][	43	][	126	][	103	]
[	155	][	0	][	0	][	0	][	83	]
============ Room: MUSI Capacity: 40 ============
[	107	][	45	][	153	][	39	][	0	]
[	152	][	0	][	0	][	44	][	21	]
[	12	][	0	][	35	][	108	][	80	]
[	0	][	0	][	56	][	151	][	0	]
============ Room: ROD Capacity: 30 ============
[	0	][	127	][	0	][	110	][	0	]
[	0	][	0	][	0	][	0	][	0	]
[	0	][	48	][	67	][	34	][	0	]
[	22	][	47	][	0	][	0	][	105	]
============ Room: ORA Capacity: 30 ============
[	0	][	0	][	0	][	113	][	112	]
[	0	][	0	][	66	][	0	][	0	]
[	20	][	104	][	0	][	150	][	0	]
[	10	][	0	][	0	][	33	][	0	]
============ Room: VIO Capacity: 40 ============
[	0	][	41	][	11	][	124	][	114	]
[	85	][	102	][	58	][	0	][	0	]
[	55	][	106	][	84	][	125	][	86	]
[	19	][	0	][	0	][	0	][	0	]
============ Room: GRA Capacity: 30 ============
[	53	][	15	][	9	][	40	][	0	]
[	0	][	101	][	54	][	0	][	59	]
[	23	][	100	][	49	][	0	][	0	]
[	0	][	46	][	0	][	50	][	0	]
