Number of slots: 256
Number of events: 159
Sparseness: 0.62109375

Globalit: 2461
Fitness: -4	 Created: 4328
Time: 4329ms

Hard broken: 0
Time limit: 90000
Initialtemperature: 4.3
InitialIterations: 10
My value: -6.83E-4
Stuck limit: 2147483647
Desired fitness: -4

============ Room: D1 Capacity: 200 ============
[	0	][	60	][	71	][	129	]
[	2	][	0	][	141	][	128	]
[	0	][	36	][	51	][	0	]
[	0	][	0	][	42	][	88	]
============ Room: D2 Capacity: 50 ============
[	121	][	38	][	70	][	32	]
[	133	][	29	][	97	][	0	]
[	0	][	0	][	0	][	76	]
[	62	][	131	][	0	][	0	]
============ Room: D3 Capacity: 50 ============
[	0	][	93	][	0	][	117	]
[	159	][	0	][	95	][	69	]
[	31	][	0	][	61	][	0	]
[	0	][	0	][	73	][	30	]
============ Room: D45 Capacity: 40 ============
[	158	][	91	][	145	][	118	]
[	0	][	92	][	0	][	119	]
[	26	][	130	][	3	][	122	]
[	0	][	0	][	0	][	0	]
============ Room: D46 Capacity: 40 ============
[	139	][	0	][	0	][	0	]
[	0	][	94	][	5	][	99	]
[	0	][	132	][	6	][	0	]
[	27	][	28	][	137	][	0	]
============ Room: E1 Capacity: 350 ============
[	0	][	1	][	116	][	78	]
[	24	][	8	][	134	][	64	]
[	72	][	0	][	0	][	135	]
[	0	][	79	][	0	][	140	]
============ Room: E35 Capacity: 40 ============
[	0	][	0	][	4	][	0	]
[	0	][	90	][	0	][	157	]
[	146	][	7	][	0	][	75	]
[	0	][	144	][	74	][	0	]
============ Room: E36 Capacity: 40 ============
[	25	][	0	][	0	][	0	]
[	77	][	37	][	96	][	98	]
[	0	][	0	][	143	][	0	]
[	136	][	63	][	138	][	123	]
============ Room: F1 Capacity: 300 ============
[	0	][	0	][	156	][	0	]
[	142	][	65	][	68	][	0	]
[	0	][	17	][	18	][	147	]
[	120	][	89	][	0	][	0	]
============ Room: SPEL Capacity: 40 ============
[	0	][	84	][	0	][	0	]
[	34	][	127	][	21	][	0	]
[	0	][	87	][	115	][	0	]
[	108	][	11	][	15	][	0	]
============ Room: SPOR Capacity: 30 ============
[	103	][	22	][	102	][	10	]
[	0	][	0	][	0	][	0	]
[	106	][	153	][	0	][	0	]
[	14	][	16	][	20	][	0	]
============ Room: MUSI Capacity: 40 ============
[	0	][	0	][	57	][	0	]
[	0	][	0	][	35	][	55	]
[	45	][	100	][	85	][	0	]
[	48	][	126	][	19	][	155	]
============ Room: ROD Capacity: 30 ============
[	0	][	46	][	54	][	101	]
[	114	][	86	][	80	][	13	]
[	124	][	0	][	0	][	43	]
[	66	][	9	][	0	][	0	]
============ Room: ORA Capacity: 30 ============
[	33	][	0	][	0	][	151	]
[	112	][	125	][	148	][	52	]
[	49	][	104	][	111	][	40	]
[	81	][	39	][	0	][	0	]
============ Room: VIO Capacity: 40 ============
[	0	][	50	][	23	][	56	]
[	0	][	154	][	0	][	82	]
[	67	][	0	][	150	][	110	]
[	109	][	152	][	41	][	0	]
============ Room: GRA Capacity: 30 ============
[	58	][	83	][	0	][	149	]
[	113	][	0	][	44	][	53	]
[	12	][	105	][	0	][	0	]
[	47	][	0	][	107	][	59	]
