Number of slots: 320
Number of events: 159
Sparseness: 0.496875

Generations: 14
Fitness: -357294	 Created: 1006
Time: 1006ms

Hard broken: 106
Desired fitness: -50
Stuck limit: 2147483647
Population size: 100
P(Mutation) = 4.0%
Time limit: 1000

============ Room: D1 Capacity: 200 ============
[	0	][	0	][	0	][	40	][	0	]
[	0	][	0	][	0	][	0	][	70	]
[	123	][	0	][	0	][	0	][	145	]
[	0	][	128	][	156	][	77	][	0	]
============ Room: D2 Capacity: 50 ============
[	157	][	0	][	0	][	0	][	0	]
[	0	][	133	][	0	][	0	][	36	]
[	84	][	0	][	0	][	150	][	5	]
[	0	][	0	][	0	][	0	][	102	]
============ Room: D3 Capacity: 50 ============
[	119	][	138	][	0	][	91	][	0	]
[	0	][	99	][	0	][	51	][	83	]
[	0	][	95	][	0	][	0	][	132	]
[	0	][	155	][	0	][	0	][	148	]
============ Room: D45 Capacity: 40 ============
[	154	][	30	][	0	][	0	][	0	]
[	108	][	120	][	0	][	37	][	135	]
[	35	][	0	][	0	][	0	][	75	]
[	0	][	0	][	14	][	144	][	89	]
============ Room: D46 Capacity: 40 ============
[	101	][	85	][	117	][	0	][	0	]
[	0	][	0	][	21	][	50	][	158	]
[	22	][	32	][	0	][	0	][	94	]
[	26	][	0	][	0	][	0	][	64	]
============ Room: E1 Capacity: 350 ============
[	0	][	0	][	0	][	0	][	76	]
[	142	][	0	][	134	][	0	][	0	]
[	0	][	78	][	159	][	72	][	0	]
[	33	][	0	][	90	][	2	][	126	]
============ Room: E35 Capacity: 40 ============
[	0	][	0	][	0	][	122	][	54	]
[	0	][	65	][	0	][	1	][	0	]
[	0	][	73	][	98	][	152	][	0	]
[	31	][	118	][	0	][	0	][	0	]
============ Room: E36 Capacity: 40 ============
[	48	][	121	][	0	][	28	][	29	]
[	136	][	92	][	115	][	0	][	97	]
[	93	][	24	][	44	][	62	][	0	]
[	0	][	0	][	39	][	53	][	0	]
============ Room: F1 Capacity: 300 ============
[	0	][	0	][	34	][	0	][	0	]
[	140	][	71	][	0	][	96	][	25	]
[	0	][	0	][	137	][	80	][	129	]
[	0	][	0	][	112	][	0	][	0	]
============ Room: SPEL Capacity: 40 ============
[	109	][	12	][	0	][	20	][	0	]
[	9	][	17	][	0	][	0	][	58	]
[	7	][	0	][	0	][	113	][	56	]
[	151	][	87	][	0	][	0	][	0	]
============ Room: SPOR Capacity: 30 ============
[	114	][	116	][	0	][	0	][	0	]
[	52	][	0	][	0	][	0	][	0	]
[	23	][	111	][	42	][	82	][	0	]
[	0	][	0	][	0	][	0	][	105	]
============ Room: MUSI Capacity: 40 ============
[	59	][	0	][	79	][	81	][	147	]
[	0	][	153	][	0	][	149	][	130	]
[	55	][	13	][	15	][	106	][	0	]
[	10	][	43	][	0	][	0	][	11	]
============ Room: ROD Capacity: 30 ============
[	0	][	0	][	131	][	124	][	6	]
[	0	][	0	][	88	][	0	][	0	]
[	0	][	0	][	0	][	0	][	86	]
[	0	][	0	][	0	][	0	][	67	]
============ Room: ORA Capacity: 30 ============
[	41	][	0	][	125	][	0	][	100	]
[	8	][	0	][	127	][	0	][	0	]
[	61	][	139	][	57	][	0	][	46	]
[	18	][	19	][	68	][	146	][	103	]
============ Room: VIO Capacity: 40 ============
[	110	][	16	][	0	][	107	][	0	]
[	63	][	0	][	27	][	0	][	0	]
[	143	][	0	][	69	][	104	][	0	]
[	0	][	0	][	47	][	0	][	0	]
============ Room: GRA Capacity: 30 ============
[	74	][	0	][	4	][	0	][	0	]
[	3	][	0	][	0	][	0	][	49	]
[	66	][	0	][	45	][	0	][	0	]
[	141	][	60	][	38	][	0	][	0	]
