Number of slots: 256
Number of events: 159
Sparseness: 0.62109375

Globalit: 2228
Fitness: -4	 Created: 3798
Time: 3799ms

Hard broken: 0
Time limit: 90000
Initialtemperature: 4.3
InitialIterations: 10
My value: -6.83E-4
Stuck limit: 2147483647
Desired fitness: -4

============ Room: D1 Capacity: 200 ============
[	141	][	140	][	51	][	0	]
[	0	][	142	][	147	][	0	]
[	0	][	0	][	0	][	156	]
[	71	][	0	][	88	][	89	]
============ Room: D2 Capacity: 50 ============
[	118	][	0	][	157	][	0	]
[	0	][	6	][	3	][	98	]
[	0	][	0	][	138	][	91	]
[	0	][	0	][	0	][	146	]
============ Room: D3 Capacity: 50 ============
[	136	][	92	][	133	][	0	]
[	130	][	0	][	73	][	144	]
[	0	][	37	][	61	][	93	]
[	63	][	143	][	0	][	0	]
============ Room: D45 Capacity: 40 ============
[	158	][	90	][	26	][	27	]
[	0	][	0	][	131	][	25	]
[	0	][	0	][	31	][	5	]
[	0	][	0	][	117	][	0	]
============ Room: D46 Capacity: 40 ============
[	32	][	75	][	0	][	0	]
[	0	][	139	][	0	][	96	]
[	97	][	122	][	145	][	74	]
[	0	][	0	][	28	][	123	]
============ Room: E1 Capacity: 350 ============
[	0	][	129	][	65	][	128	]
[	72	][	0	][	64	][	60	]
[	134	][	1	][	24	][	0	]
[	0	][	135	][	0	][	0	]
============ Room: E35 Capacity: 40 ============
[	0	][	38	][	159	][	0	]
[	69	][	0	][	0	][	77	]
[	95	][	0	][	0	][	4	]
[	7	][	0	][	132	][	121	]
============ Room: E36 Capacity: 40 ============
[	119	][	62	][	94	][	0	]
[	29	][	0	][	0	][	99	]
[	0	][	30	][	137	][	76	]
[	0	][	70	][	0	][	0	]
============ Room: F1 Capacity: 300 ============
[	8	][	0	][	2	][	68	]
[	42	][	18	][	0	][	36	]
[	79	][	78	][	120	][	116	]
[	0	][	0	][	0	][	17	]
============ Room: SPEL Capacity: 40 ============
[	0	][	0	][	0	][	81	]
[	0	][	86	][	39	][	0	]
[	0	][	0	][	105	][	0	]
[	111	][	100	][	0	][	0	]
============ Room: SPOR Capacity: 30 ============
[	45	][	19	][	127	][	0	]
[	16	][	0	][	0	][	0	]
[	155	][	101	][	13	][	0	]
[	0	][	106	][	57	][	67	]
============ Room: MUSI Capacity: 40 ============
[	80	][	15	][	84	][	112	]
[	0	][	0	][	0	][	12	]
[	22	][	53	][	107	][	0	]
[	110	][	0	][	34	][	0	]
============ Room: ROD Capacity: 30 ============
[	0	][	9	][	0	][	11	]
[	35	][	56	][	103	][	148	]
[	0	][	0	][	153	][	54	]
[	0	][	104	][	0	][	43	]
============ Room: ORA Capacity: 30 ============
[	113	][	149	][	124	][	108	]
[	114	][	151	][	52	][	0	]
[	55	][	150	][	0	][	41	]
[	109	][	82	][	154	][	85	]
============ Room: VIO Capacity: 40 ============
[	20	][	49	][	126	][	87	]
[	10	][	0	][	0	][	50	]
[	58	][	0	][	152	][	66	]
[	44	][	46	][	0	][	33	]
============ Room: GRA Capacity: 30 ============
[	21	][	0	][	40	][	59	]
[	115	][	102	][	0	][	14	]
[	125	][	0	][	47	][	23	]
[	48	][	83	][	0	][	0	]
