Number of slots: 240
Number of events: 115
Sparseness: 0.4791666666666667

Globalit: 83 Generations: 658
Fitness: 0	 Created: 9705
Time: 9707ms

============ Room: D1 Capacity: 200 ============
[	0	][	0	][	0	][	0	][	0	]
[	0	][	0	][	65	][	0	][	0	]
[	0	][	36	][	0	][	79	][	0	]
[	51	][	64	][	78	][	0	][	24	]
============ Room: D2 Capacity: 50 ============
[	0	][	3	][	0	][	0	][	0	]
[	69	][	0	][	73	][	0	][	0	]
[	0	][	26	][	0	][	0	][	91	]
[	0	][	0	][	0	][	0	][	0	]
============ Room: D3 Capacity: 50 ============
[	0	][	6	][	74	][	0	][	27	]
[	90	][	98	][	61	][	37	][	0	]
[	32	][	0	][	95	][	0	][	0	]
[	38	][	96	][	0	][	0	][	0	]
============ Room: D45 Capacity: 40 ============
[	0	][	0	][	28	][	0	][	70	]
[	0	][	0	][	0	][	0	][	0	]
[	0	][	76	][	5	][	0	][	75	]
[	0	][	77	][	0	][	0	][	0	]
============ Room: D46 Capacity: 40 ============
[	0	][	0	][	62	][	0	][	0	]
[	63	][	30	][	31	][	0	][	0	]
[	0	][	0	][	0	][	0	][	93	]
[	0	][	0	][	0	][	0	][	7	]
============ Room: E1 Capacity: 350 ============
[	0	][	42	][	0	][	88	][	0	]
[	0	][	0	][	2	][	72	][	71	]
[	89	][	1	][	0	][	8	][	60	]
[	68	][	17	][	18	][	0	][	0	]
============ Room: E35 Capacity: 40 ============
[	29	][	0	][	99	][	0	][	0	]
[	92	][	97	][	0	][	0	][	25	]
[	0	][	0	][	0	][	0	][	94	]
[	4	][	0	][	0	][	0	][	0	]
============ Room: SPEL Capacity: 40 ============
[	66	][	0	][	58	][	0	][	111	]
[	12	][	14	][	108	][	107	][	0	]
[	81	][	112	][	41	][	100	][	43	]
[	0	][	0	][	0	][	59	][	80	]
============ Room: SPOR Capacity: 30 ============
[	33	][	22	][	0	][	15	][	85	]
[	23	][	54	][	20	][	0	][	45	]
[	87	][	47	][	83	][	49	][	0	]
[	84	][	0	][	0	][	114	][	104	]
============ Room: MUSI Capacity: 40 ============
[	103	][	21	][	35	][	40	][	56	]
[	82	][	0	][	0	][	101	][	102	]
[	0	][	50	][	0	][	105	][	0	]
[	115	][	9	][	0	][	0	][	0	]
============ Room: ROD Capacity: 30 ============
[	44	][	0	][	34	][	13	][	0	]
[	19	][	0	][	109	][	48	][	0	]
[	0	][	113	][	46	][	0	][	0	]
[	0	][	57	][	16	][	10	][	106	]
============ Room: ORA Capacity: 30 ============
[	86	][	110	][	0	][	0	][	0	]
[	0	][	53	][	0	][	67	][	0	]
[	11	][	0	][	0	][	0	][	0	]
[	0	][	52	][	39	][	55	][	0	]
