Number of slots: 240
Number of events: 115
Sparseness: 0.4791666666666667

Globalit: 4344
Fitness: 0	 Created: 45061
Time: 45071ms

============ Room: D1 Capacity: 200 ============
[	0	][	8	][	0	][	2	][	0	]
[	65	][	79	][	1	][	0	][	17	]
[	71	][	51	][	78	][	18	][	60	]
[	0	][	72	][	0	][	0	][	0	]
============ Room: D2 Capacity: 50 ============
[	0	][	96	][	62	][	69	][	0	]
[	0	][	0	][	61	][	6	][	0	]
[	0	][	0	][	0	][	0	][	0	]
[	0	][	0	][	0	][	0	][	99	]
============ Room: D3 Capacity: 50 ============
[	0	][	77	][	0	][	0	][	0	]
[	73	][	0	][	0	][	0	][	92	]
[	0	][	0	][	0	][	91	][	76	]
[	29	][	0	][	0	][	7	][	0	]
============ Room: D45 Capacity: 40 ============
[	0	][	97	][	0	][	0	][	31	]
[	0	][	0	][	0	][	93	][	0	]
[	0	][	0	][	94	][	0	][	74	]
[	0	][	37	][	38	][	26	][	0	]
============ Room: D46 Capacity: 40 ============
[	98	][	0	][	0	][	0	][	0	]
[	0	][	32	][	75	][	0	][	0	]
[	5	][	0	][	0	][	0	][	0	]
[	0	][	0	][	0	][	0	][	25	]
============ Room: E1 Capacity: 350 ============
[	0	][	0	][	0	][	24	][	0	]
[	0	][	64	][	0	][	68	][	0	]
[	0	][	0	][	0	][	0	][	36	]
[	89	][	42	][	88	][	0	][	0	]
============ Room: E35 Capacity: 40 ============
[	0	][	63	][	4	][	0	][	0	]
[	0	][	27	][	28	][	0	][	0	]
[	3	][	0	][	70	][	90	][	0	]
[	30	][	0	][	0	][	0	][	95	]
============ Room: SPEL Capacity: 40 ============
[	35	][	41	][	0	][	0	][	101	]
[	54	][	102	][	0	][	80	][	12	]
[	0	][	85	][	19	][	44	][	0	]
[	82	][	23	][	83	][	0	][	0	]
============ Room: SPOR Capacity: 30 ============
[	56	][	53	][	110	][	0	][	107	]
[	59	][	105	][	33	][	46	][	13	]
[	0	][	109	][	0	][	0	][	67	]
[	0	][	0	][	52	][	0	][	15	]
============ Room: MUSI Capacity: 40 ============
[	0	][	58	][	115	][	0	][	0	]
[	0	][	106	][	0	][	81	][	0	]
[	40	][	108	][	50	][	49	][	0	]
[	66	][	11	][	0	][	103	][	10	]
============ Room: ROD Capacity: 30 ============
[	55	][	0	][	0	][	0	][	0	]
[	114	][	9	][	111	][	22	][	57	]
[	0	][	0	][	39	][	0	][	21	]
[	34	][	16	][	84	][	45	][	14	]
============ Room: ORA Capacity: 30 ============
[	0	][	0	][	112	][	0	][	104	]
[	0	][	0	][	47	][	43	][	0	]
[	20	][	87	][	0	][	48	][	113	]
[	0	][	100	][	0	][	0	][	86	]
