Number of slots: 320
Number of events: 159
Sparseness: 0.496875

Globalit: 4666
Fitness: -5	 Created: 63521
Time: 90011ms

Initialtemperature: 43.0InitialIterations: 100Stuck limit: 2147483647Desired fitness: 0
============ Room: D1 Capacity: 200 ============
[	0	][	134	][	135	][	156	][	0	]
[	128	][	129	][	0	][	24	][	1	]
[	0	][	42	][	79	][	0	][	0	]
[	0	][	89	][	142	][	0	][	0	]
============ Room: D2 Capacity: 50 ============
[	97	][	0	][	0	][	0	][	119	]
[	0	][	77	][	137	][	146	][	91	]
[	121	][	5	][	0	][	0	][	0	]
[	0	][	0	][	0	][	133	][	25	]
============ Room: D3 Capacity: 50 ============
[	30	][	28	][	0	][	117	][	118	]
[	29	][	32	][	0	][	74	][	158	]
[	0	][	75	][	0	][	63	][	62	]
[	0	][	37	][	93	][	131	][	0	]
============ Room: D45 Capacity: 40 ============
[	0	][	122	][	0	][	0	][	159	]
[	0	][	0	][	0	][	138	][	0	]
[	0	][	0	][	31	][	0	][	0	]
[	90	][	0	][	0	][	0	][	0	]
============ Room: D46 Capacity: 40 ============
[	0	][	95	][	0	][	69	][	73	]
[	7	][	0	][	27	][	94	][	0	]
[	0	][	3	][	123	][	99	][	145	]
[	0	][	144	][	0	][	0	][	98	]
============ Room: E1 Capacity: 350 ============
[	0	][	140	][	0	][	0	][	0	]
[	0	][	0	][	0	][	0	][	65	]
[	0	][	0	][	0	][	36	][	0	]
[	18	][	68	][	0	][	17	][	0	]
============ Room: E35 Capacity: 40 ============
[	96	][	0	][	0	][	139	][	0	]
[	0	][	0	][	0	][	143	][	0	]
[	132	][	136	][	26	][	130	][	0	]
[	6	][	0	][	0	][	4	][	0	]
============ Room: E36 Capacity: 40 ============
[	0	][	0	][	0	][	70	][	0	]
[	0	][	92	][	0	][	0	][	0	]
[	0	][	0	][	61	][	0	][	38	]
[	0	][	157	][	0	][	76	][	0	]
============ Room: F1 Capacity: 300 ============
[	0	][	147	][	60	][	88	][	141	]
[	0	][	8	][	64	][	0	][	0	]
[	71	][	0	][	2	][	0	][	116	]
[	120	][	78	][	51	][	0	][	72	]
============ Room: SPEL Capacity: 40 ============
[	150	][	0	][	0	][	0	][	0	]
[	52	][	0	][	0	][	125	][	0	]
[	39	][	103	][	106	][	127	][	0	]
[	46	][	56	][	0	][	0	][	0	]
============ Room: SPOR Capacity: 30 ============
[	11	][	0	][	58	][	0	][	114	]
[	0	][	0	][	86	][	0	][	0	]
[	155	][	102	][	0	][	0	][	0	]
[	33	][	10	][	80	][	0	][	148	]
============ Room: MUSI Capacity: 40 ============
[	0	][	0	][	82	][	0	][	35	]
[	104	][	126	][	81	][	0	][	0	]
[	66	][	21	][	0	][	0	][	83	]
[	34	][	19	][	20	][	0	][	0	]
============ Room: ROD Capacity: 30 ============
[	0	][	0	][	110	][	0	][	111	]
[	0	][	0	][	0	][	49	][	59	]
[	0	][	101	][	0	][	12	][	0	]
[	0	][	23	][	0	][	105	][	13	]
============ Room: ORA Capacity: 30 ============
[	0	][	0	][	40	][	14	][	115	]
[	0	][	0	][	0	][	0	][	0	]
[	0	][	0	][	100	][	45	][	149	]
[	85	][	15	][	87	][	0	][	44	]
============ Room: VIO Capacity: 40 ============
[	55	][	0	][	124	][	0	][	54	]
[	0	][	22	][	0	][	154	][	0	]
[	9	][	107	][	50	][	0	][	108	]
[	0	][	16	][	152	][	0	][	48	]
============ Room: GRA Capacity: 30 ============
[	151	][	0	][	41	][	57	][	113	]
[	67	][	53	][	43	][	0	][	0	]
[	109	][	0	][	153	][	0	][	112	]
[	84	][	0	][	0	][	47	][	0	]
