Number of slots: 320
Number of events: 159
Sparseness: 0.496875

Generations: 18
Fitness: -330322	 Created: 1018
Time: 1018ms

Hard broken: 94
Desired fitness: -50
Stuck limit: 2147483647
Population size: 100
P(Mutation) = 4.0%
Time limit: 1000

============ Room: D1 Capacity: 200 ============
[	0	][	45	][	98	][	0	][	0	]
[	0	][	0	][	77	][	0	][	0	]
[	0	][	0	][	0	][	4	][	0	]
[	0	][	0	][	0	][	0	][	0	]
============ Room: D2 Capacity: 50 ============
[	79	][	133	][	0	][	110	][	0	]
[	0	][	97	][	0	][	117	][	0	]
[	23	][	26	][	0	][	148	][	158	]
[	143	][	62	][	43	][	123	][	0	]
============ Room: D3 Capacity: 50 ============
[	69	][	0	][	126	][	1	][	0	]
[	145	][	149	][	0	][	131	][	89	]
[	141	][	139	][	0	][	0	][	0	]
[	0	][	0	][	52	][	105	][	70	]
============ Room: D45 Capacity: 40 ============
[	0	][	65	][	83	][	0	][	0	]
[	88	][	122	][	0	][	0	][	0	]
[	0	][	0	][	0	][	0	][	28	]
[	0	][	0	][	93	][	130	][	72	]
============ Room: D46 Capacity: 40 ============
[	73	][	99	][	0	][	113	][	3	]
[	75	][	0	][	0	][	0	][	0	]
[	80	][	0	][	0	][	17	][	95	]
[	159	][	38	][	61	][	0	][	127	]
============ Room: E1 Capacity: 350 ============
[	13	][	37	][	0	][	0	][	118	]
[	60	][	154	][	0	][	84	][	90	]
[	0	][	156	][	0	][	0	][	0	]
[	25	][	0	][	8	][	0	][	108	]
============ Room: E35 Capacity: 40 ============
[	136	][	0	][	132	][	19	][	64	]
[	0	][	30	][	68	][	12	][	53	]
[	0	][	94	][	92	][	0	][	91	]
[	119	][	31	][	50	][	144	][	102	]
============ Room: E36 Capacity: 40 ============
[	0	][	44	][	48	][	101	][	0	]
[	35	][	0	][	0	][	0	][	0	]
[	29	][	27	][	0	][	120	][	96	]
[	0	][	128	][	0	][	0	][	138	]
============ Room: F1 Capacity: 300 ============
[	124	][	0	][	0	][	0	][	0	]
[	18	][	51	][	0	][	81	][	0	]
[	0	][	142	][	0	][	0	][	59	]
[	71	][	106	][	0	][	0	][	0	]
============ Room: SPEL Capacity: 40 ============
[	137	][	0	][	33	][	0	][	104	]
[	22	][	150	][	0	][	0	][	32	]
[	76	][	54	][	0	][	0	][	0	]
[	0	][	11	][	0	][	0	][	0	]
============ Room: SPOR Capacity: 30 ============
[	0	][	0	][	0	][	0	][	0	]
[	0	][	5	][	0	][	82	][	87	]
[	47	][	0	][	0	][	0	][	9	]
[	107	][	36	][	0	][	15	][	0	]
============ Room: MUSI Capacity: 40 ============
[	0	][	0	][	86	][	20	][	0	]
[	121	][	74	][	111	][	129	][	157	]
[	66	][	140	][	0	][	0	][	0	]
[	0	][	125	][	85	][	100	][	155	]
============ Room: ROD Capacity: 30 ============
[	0	][	0	][	0	][	0	][	0	]
[	0	][	41	][	0	][	0	][	0	]
[	46	][	0	][	0	][	0	][	0	]
[	0	][	42	][	0	][	0	][	115	]
============ Room: ORA Capacity: 30 ============
[	114	][	0	][	109	][	14	][	0	]
[	0	][	103	][	0	][	0	][	10	]
[	49	][	0	][	112	][	0	][	0	]
[	0	][	78	][	151	][	40	][	24	]
============ Room: VIO Capacity: 40 ============
[	0	][	21	][	0	][	39	][	6	]
[	0	][	2	][	7	][	0	][	0	]
[	0	][	0	][	153	][	34	][	0	]
[	56	][	0	][	147	][	0	][	0	]
============ Room: GRA Capacity: 30 ============
[	0	][	0	][	146	][	16	][	0	]
[	0	][	135	][	134	][	0	][	67	]
[	58	][	0	][	0	][	0	][	63	]
[	152	][	116	][	0	][	57	][	55	]
