Number of slots: 320
Number of events: 159
Sparseness: 0.496875

Generations: 19
Fitness: -355304	 Created: 1053
Time: 1053ms

Hard broken: 102
Desired fitness: -50
Stuck limit: 2147483647
Population size: 100
P(Mutation) = 4.0%
Time limit: 1000

============ Room: D1 Capacity: 200 ============
[	0	][	0	][	0	][	0	][	2	]
[	0	][	76	][	0	][	0	][	70	]
[	0	][	90	][	135	][	0	][	0	]
[	61	][	37	][	9	][	0	][	0	]
============ Room: D2 Capacity: 50 ============
[	0	][	68	][	0	][	138	][	0	]
[	71	][	0	][	0	][	0	][	139	]
[	0	][	148	][	0	][	0	][	0	]
[	34	][	119	][	0	][	0	][	0	]
============ Room: D3 Capacity: 50 ============
[	0	][	93	][	0	][	31	][	0	]
[	132	][	0	][	130	][	0	][	6	]
[	0	][	0	][	0	][	7	][	0	]
[	0	][	0	][	0	][	47	][	0	]
============ Room: D45 Capacity: 40 ============
[	26	][	0	][	0	][	96	][	0	]
[	0	][	0	][	112	][	0	][	57	]
[	101	][	4	][	0	][	0	][	0	]
[	156	][	94	][	58	][	74	][	39	]
============ Room: D46 Capacity: 40 ============
[	0	][	153	][	158	][	152	][	111	]
[	0	][	0	][	80	][	0	][	0	]
[	0	][	145	][	35	][	0	][	143	]
[	122	][	0	][	0	][	131	][	137	]
============ Room: E1 Capacity: 350 ============
[	32	][	55	][	0	][	0	][	159	]
[	11	][	78	][	146	][	0	][	0	]
[	17	][	0	][	0	][	0	][	0	]
[	24	][	144	][	140	][	110	][	105	]
============ Room: E35 Capacity: 40 ============
[	116	][	0	][	51	][	0	][	0	]
[	0	][	0	][	0	][	0	][	63	]
[	0	][	99	][	91	][	115	][	38	]
[	16	][	21	][	133	][	0	][	0	]
============ Room: E36 Capacity: 40 ============
[	82	][	79	][	0	][	123	][	42	]
[	98	][	136	][	0	][	157	][	126	]
[	118	][	0	][	0	][	52	][	92	]
[	13	][	86	][	0	][	67	][	66	]
============ Room: F1 Capacity: 300 ============
[	0	][	29	][	151	][	48	][	0	]
[	30	][	33	][	0	][	0	][	0	]
[	147	][	25	][	97	][	75	][	0	]
[	0	][	1	][	129	][	64	][	0	]
============ Room: SPEL Capacity: 40 ============
[	0	][	0	][	3	][	0	][	114	]
[	0	][	0	][	0	][	0	][	0	]
[	0	][	0	][	0	][	0	][	0	]
[	0	][	46	][	65	][	12	][	124	]
============ Room: SPOR Capacity: 30 ============
[	0	][	0	][	0	][	36	][	0	]
[	49	][	89	][	106	][	0	][	141	]
[	5	][	0	][	0	][	0	][	23	]
[	0	][	84	][	0	][	44	][	83	]
============ Room: MUSI Capacity: 40 ============
[	0	][	18	][	0	][	15	][	40	]
[	8	][	69	][	0	][	155	][	50	]
[	103	][	0	][	127	][	0	][	149	]
[	0	][	14	][	87	][	0	][	0	]
============ Room: ROD Capacity: 30 ============
[	54	][	0	][	120	][	81	][	19	]
[	0	][	0	][	0	][	0	][	45	]
[	108	][	43	][	100	][	0	][	62	]
[	0	][	0	][	88	][	0	][	102	]
============ Room: ORA Capacity: 30 ============
[	20	][	117	][	0	][	59	][	10	]
[	27	][	85	][	0	][	56	][	121	]
[	0	][	0	][	109	][	104	][	0	]
[	0	][	0	][	0	][	0	][	41	]
============ Room: VIO Capacity: 40 ============
[	134	][	107	][	0	][	0	][	0	]
[	113	][	28	][	0	][	72	][	0	]
[	53	][	125	][	0	][	77	][	0	]
[	73	][	0	][	0	][	0	][	0	]
============ Room: GRA Capacity: 30 ============
[	0	][	0	][	0	][	0	][	60	]
[	0	][	150	][	0	][	95	][	22	]
[	128	][	142	][	154	][	0	][	0	]
[	0	][	0	][	0	][	0	][	0	]
