Number of slots: 320
Number of events: 159
Sparseness: 0.496875

Globalit: 4195 Generations: 428
Fitness: -1	 Created: 88713
Time: 90005ms

Initialtemperature: 4.3InitialIterations: 100Stuck limit: 1000Desired fitness: 0Desired fitness: -9Stuck limit: 100Population size: 100Selection size: 30Mutation type: NORMALP(Mutation) = 6.0%Selection type: NORMALP(Crossover) = 50.0%
============ Room: D1 Capacity: 200 ============
[	0	][	0	][	0	][	0	][	0	]
[	17	][	0	][	18	][	65	][	0	]
[	0	][	0	][	24	][	120	][	0	]
[	60	][	0	][	0	][	0	][	156	]
============ Room: D2 Capacity: 50 ============
[	98	][	130	][	0	][	0	][	0	]
[	0	][	157	][	32	][	122	][	0	]
[	0	][	94	][	7	][	144	][	0	]
[	0	][	0	][	0	][	0	][	75	]
============ Room: D3 Capacity: 50 ============
[	0	][	90	][	0	][	143	][	0	]
[	0	][	0	][	0	][	0	][	0	]
[	0	][	0	][	31	][	26	][	0	]
[	138	][	0	][	0	][	0	][	0	]
============ Room: D45 Capacity: 40 ============
[	97	][	70	][	0	][	123	][	91	]
[	121	][	0	][	0	][	77	][	69	]
[	0	][	0	][	93	][	27	][	6	]
[	29	][	25	][	132	][	145	][	28	]
============ Room: D46 Capacity: 40 ============
[	0	][	0	][	146	][	0	][	92	]
[	0	][	0	][	76	][	96	][	0	]
[	119	][	0	][	0	][	99	][	0	]
[	0	][	5	][	0	][	118	][	0	]
============ Room: E1 Capacity: 350 ============
[	0	][	42	][	8	][	0	][	64	]
[	78	][	0	][	88	][	51	][	0	]
[	141	][	0	][	0	][	79	][	142	]
[	0	][	89	][	0	][	36	][	0	]
============ Room: E35 Capacity: 40 ============
[	0	][	62	][	0	][	61	][	0	]
[	38	][	0	][	0	][	0	][	0	]
[	95	][	131	][	0	][	0	][	133	]
[	0	][	0	][	37	][	0	][	137	]
============ Room: E36 Capacity: 40 ============
[	3	][	74	][	63	][	139	][	0	]
[	158	][	159	][	0	][	0	][	30	]
[	0	][	117	][	0	][	4	][	0	]
[	0	][	73	][	0	][	0	][	136	]
============ Room: F1 Capacity: 300 ============
[	0	][	147	][	129	][	1	][	135	]
[	0	][	0	][	116	][	134	][	0	]
[	0	][	68	][	0	][	0	][	71	]
[	2	][	128	][	0	][	72	][	140	]
============ Room: SPEL Capacity: 40 ============
[	0	][	16	][	0	][	39	][	22	]
[	112	][	127	][	0	][	0	][	59	]
[	10	][	14	][	151	][	0	][	0	]
[	0	][	43	][	11	][	0	][	125	]
============ Room: SPOR Capacity: 30 ============
[	19	][	0	][	0	][	106	][	0	]
[	0	][	0	][	0	][	0	][	153	]
[	0	][	80	][	0	][	0	][	0	]
[	82	][	0	][	155	][	0	][	54	]
============ Room: MUSI Capacity: 40 ============
[	0	][	0	][	110	][	0	][	0	]
[	0	][	0	][	0	][	0	][	103	]
[	0	][	84	][	149	][	0	][	50	]
[	0	][	48	][	0	][	100	][	0	]
============ Room: ROD Capacity: 30 ============
[	33	][	0	][	81	][	0	][	0	]
[	108	][	113	][	12	][	0	][	55	]
[	0	][	20	][	0	][	0	][	104	]
[	86	][	0	][	0	][	58	][	0	]
============ Room: ORA Capacity: 30 ============
[	0	][	21	][	41	][	67	][	0	]
[	0	][	115	][	0	][	0	][	53	]
[	152	][	150	][	85	][	0	][	40	]
[	0	][	126	][	0	][	102	][	52	]
============ Room: VIO Capacity: 40 ============
[	0	][	0	][	45	][	23	][	9	]
[	114	][	13	][	154	][	0	][	0	]
[	34	][	87	][	124	][	0	][	105	]
[	47	][	35	][	109	][	0	][	107	]
============ Room: GRA Capacity: 30 ============
[	57	][	0	][	0	][	0	][	46	]
[	0	][	111	][	0	][	148	][	101	]
[	15	][	49	][	44	][	0	][	0	]
[	0	][	0	][	83	][	56	][	66	]
