Number of slots: 320
Number of events: 159
Sparseness: 0.496875

Generations: 36
Fitness: -228340	 Created: 2037
Time: 2037ms

Hard broken: 68
Desired fitness: -50
Stuck limit: 2147483647
Population size: 100
P(Mutation) = 4.0%
Time limit: 2000

============ Room: D1 Capacity: 200 ============
[	0	][	0	][	89	][	0	][	41	]
[	0	][	0	][	79	][	34	][	0	]
[	0	][	0	][	77	][	131	][	0	]
[	0	][	0	][	116	][	0	][	128	]
============ Room: D2 Capacity: 50 ============
[	0	][	157	][	146	][	0	][	0	]
[	93	][	0	][	0	][	0	][	0	]
[	159	][	16	][	18	][	0	][	69	]
[	0	][	0	][	0	][	21	][	91	]
============ Room: D3 Capacity: 50 ============
[	88	][	0	][	0	][	158	][	0	]
[	0	][	0	][	0	][	0	][	0	]
[	75	][	0	][	0	][	14	][	0	]
[	0	][	0	][	0	][	0	][	0	]
============ Room: D45 Capacity: 40 ============
[	6	][	118	][	98	][	73	][	26	]
[	60	][	3	][	0	][	23	][	0	]
[	0	][	136	][	61	][	133	][	42	]
[	123	][	25	][	0	][	0	][	121	]
============ Room: D46 Capacity: 40 ============
[	117	][	38	][	0	][	0	][	122	]
[	96	][	144	][	0	][	97	][	0	]
[	0	][	0	][	0	][	0	][	0	]
[	0	][	70	][	0	][	99	][	108	]
============ Room: E1 Capacity: 350 ============
[	0	][	132	][	0	][	0	][	95	]
[	0	][	0	][	134	][	71	][	0	]
[	68	][	19	][	0	][	57	][	0	]
[	0	][	138	][	0	][	0	][	0	]
============ Room: E35 Capacity: 40 ============
[	0	][	150	][	27	][	1	][	137	]
[	92	][	0	][	155	][	0	][	81	]
[	143	][	149	][	94	][	0	][	7	]
[	0	][	119	][	31	][	76	][	0	]
============ Room: E36 Capacity: 40 ============
[	0	][	0	][	0	][	29	][	0	]
[	145	][	85	][	0	][	90	][	139	]
[	30	][	129	][	142	][	63	][	0	]
[	44	][	0	][	120	][	0	][	0	]
============ Room: F1 Capacity: 300 ============
[	0	][	5	][	78	][	0	][	0	]
[	65	][	0	][	141	][	28	][	0	]
[	0	][	0	][	24	][	0	][	0	]
[	8	][	0	][	0	][	32	][	0	]
============ Room: SPEL Capacity: 40 ============
[	0	][	0	][	102	][	0	][	151	]
[	36	][	0	][	52	][	154	][	0	]
[	12	][	10	][	87	][	9	][	0	]
[	153	][	105	][	46	][	0	][	4	]
============ Room: SPOR Capacity: 30 ============
[	66	][	22	][	0	][	0	][	59	]
[	0	][	0	][	114	][	13	][	156	]
[	2	][	124	][	47	][	56	][	0	]
[	72	][	0	][	0	][	74	][	80	]
============ Room: MUSI Capacity: 40 ============
[	147	][	82	][	0	][	0	][	37	]
[	125	][	0	][	39	][	84	][	0	]
[	0	][	0	][	107	][	45	][	109	]
[	0	][	33	][	0	][	0	][	58	]
============ Room: ROD Capacity: 30 ============
[	0	][	0	][	127	][	0	][	64	]
[	0	][	0	][	54	][	67	][	0	]
[	0	][	40	][	0	][	62	][	0	]
[	0	][	113	][	50	][	0	][	35	]
============ Room: ORA Capacity: 30 ============
[	0	][	53	][	0	][	0	][	0	]
[	83	][	104	][	86	][	49	][	101	]
[	0	][	55	][	106	][	148	][	115	]
[	0	][	0	][	0	][	48	][	0	]
============ Room: VIO Capacity: 40 ============
[	0	][	0	][	0	][	0	][	0	]
[	135	][	103	][	0	][	0	][	110	]
[	112	][	0	][	20	][	0	][	0	]
[	0	][	11	][	0	][	0	][	100	]
============ Room: GRA Capacity: 30 ============
[	0	][	0	][	43	][	130	][	126	]
[	0	][	0	][	15	][	152	][	0	]
[	111	][	0	][	0	][	0	][	0	]
[	140	][	51	][	17	][	0	][	0	]
