Number of slots: 320
Number of events: 159
Sparseness: 0.496875

Globalit: 4080 Generations: 515
Fitness: -2	 Created: 82237
Time: 90006ms

Initialtemperature: 4.3InitialIterations: 100Stuck limit: 1000Desired fitness: 0Desired fitness: -9Stuck limit: 100Population size: 100Selection size: 30Mutation type: NORMALP(Mutation) = 6.0%Selection type: NORMALP(Crossover) = 50.0%
============ Room: D1 Capacity: 200 ============
[	129	][	65	][	140	][	128	][	0	]
[	0	][	0	][	17	][	134	][	0	]
[	0	][	0	][	68	][	0	][	0	]
[	18	][	0	][	135	][	0	][	42	]
============ Room: D2 Capacity: 50 ============
[	0	][	94	][	0	][	0	][	0	]
[	0	][	29	][	0	][	92	][	61	]
[	118	][	31	][	138	][	0	][	0	]
[	0	][	0	][	76	][	0	][	0	]
============ Room: D3 Capacity: 50 ============
[	32	][	0	][	0	][	0	][	0	]
[	0	][	0	][	77	][	121	][	143	]
[	0	][	146	][	0	][	97	][	25	]
[	69	][	0	][	5	][	0	][	27	]
============ Room: D45 Capacity: 40 ============
[	0	][	0	][	0	][	0	][	26	]
[	0	][	139	][	0	][	123	][	63	]
[	74	][	130	][	0	][	73	][	145	]
[	159	][	30	][	158	][	99	][	70	]
============ Room: D46 Capacity: 40 ============
[	0	][	91	][	4	][	0	][	136	]
[	96	][	0	][	0	][	0	][	133	]
[	0	][	0	][	90	][	75	][	131	]
[	0	][	0	][	0	][	0	][	0	]
============ Room: E1 Capacity: 350 ============
[	142	][	116	][	0	][	147	][	0	]
[	0	][	64	][	156	][	0	][	8	]
[	0	][	0	][	0	][	0	][	89	]
[	0	][	88	][	0	][	141	][	0	]
============ Room: E35 Capacity: 40 ============
[	0	][	28	][	0	][	0	][	0	]
[	95	][	137	][	0	][	6	][	117	]
[	0	][	0	][	0	][	0	][	3	]
[	0	][	132	][	144	][	38	][	98	]
============ Room: E36 Capacity: 40 ============
[	0	][	0	][	62	][	0	][	0	]
[	119	][	0	][	0	][	93	][	0	]
[	0	][	0	][	0	][	157	][	0	]
[	37	][	122	][	0	][	0	][	7	]
============ Room: F1 Capacity: 300 ============
[	120	][	36	][	71	][	0	][	0	]
[	51	][	79	][	0	][	60	][	0	]
[	0	][	24	][	0	][	1	][	78	]
[	0	][	2	][	0	][	0	][	72	]
============ Room: SPEL Capacity: 40 ============
[	84	][	0	][	34	][	50	][	10	]
[	0	][	48	][	0	][	0	][	0	]
[	0	][	0	][	0	][	125	][	0	]
[	0	][	52	][	0	][	47	][	0	]
============ Room: SPOR Capacity: 30 ============
[	54	][	0	][	105	][	35	][	0	]
[	155	][	0	][	66	][	0	][	104	]
[	0	][	12	][	20	][	0	][	151	]
[	0	][	0	][	58	][	9	][	0	]
============ Room: MUSI Capacity: 40 ============
[	148	][	82	][	0	][	0	][	111	]
[	0	][	0	][	112	][	19	][	107	]
[	67	][	0	][	0	][	33	][	126	]
[	0	][	0	][	22	][	0	][	0	]
============ Room: ROD Capacity: 30 ============
[	0	][	55	][	153	][	110	][	83	]
[	21	][	0	][	0	][	39	][	85	]
[	101	][	87	][	59	][	124	][	149	]
[	100	][	0	][	0	][	23	][	0	]
============ Room: ORA Capacity: 30 ============
[	0	][	0	][	43	][	0	][	0	]
[	0	][	154	][	0	][	0	][	0	]
[	152	][	102	][	15	][	44	][	45	]
[	0	][	56	][	0	][	0	][	127	]
============ Room: VIO Capacity: 40 ============
[	0	][	0	][	0	][	108	][	11	]
[	0	][	113	][	0	][	81	][	103	]
[	14	][	53	][	40	][	0	][	0	]
[	86	][	0	][	0	][	46	][	0	]
============ Room: GRA Capacity: 30 ============
[	0	][	0	][	0	][	16	][	109	]
[	80	][	114	][	57	][	0	][	0	]
[	106	][	13	][	150	][	0	][	49	]
[	0	][	0	][	115	][	0	][	41	]
