Number of slots: 320
Number of events: 159
Sparseness: 0.496875

Generations: 3941
Fitness: -26	 Created: 85668
Time: 90023ms

Desired fitness: 0Stuck limit: 2147483647Population size: 100Selection size: 30Mutation type: NORMALP(Mutation) = 6.0%Selection type: NORMALP(Crossover) = 50.0%
============ Room: D1 Capacity: 200 ============
[	0	][	2	][	71	][	128	][	0	]
[	0	][	0	][	0	][	89	][	0	]
[	116	][	134	][	147	][	0	][	0	]
[	156	][	0	][	0	][	0	][	135	]
============ Room: D2 Capacity: 50 ============
[	92	][	0	][	0	][	0	][	0	]
[	0	][	25	][	0	][	0	][	0	]
[	38	][	0	][	0	][	0	][	139	]
[	123	][	4	][	157	][	0	][	0	]
============ Room: D3 Capacity: 50 ============
[	0	][	0	][	0	][	0	][	0	]
[	159	][	119	][	131	][	0	][	145	]
[	0	][	32	][	0	][	0	][	62	]
[	31	][	0	][	0	][	0	][	0	]
============ Room: D45 Capacity: 40 ============
[	130	][	90	][	63	][	96	][	73	]
[	76	][	0	][	0	][	0	][	121	]
[	74	][	99	][	0	][	98	][	0	]
[	0	][	132	][	97	][	0	][	143	]
============ Room: D46 Capacity: 40 ============
[	0	][	91	][	0	][	77	][	0	]
[	0	][	7	][	6	][	0	][	0	]
[	30	][	0	][	0	][	0	][	136	]
[	0	][	0	][	5	][	138	][	37	]
============ Room: E1 Capacity: 350 ============
[	72	][	68	][	0	][	0	][	0	]
[	0	][	65	][	0	][	0	][	129	]
[	60	][	0	][	0	][	0	][	0	]
[	1	][	51	][	78	][	8	][	0	]
============ Room: E35 Capacity: 40 ============
[	93	][	26	][	0	][	0	][	158	]
[	0	][	0	][	0	][	0	][	28	]
[	0	][	146	][	75	][	95	][	94	]
[	137	][	27	][	0	][	61	][	117	]
============ Room: E36 Capacity: 40 ============
[	70	][	118	][	0	][	69	][	133	]
[	0	][	0	][	0	][	0	][	122	]
[	29	][	0	][	0	][	0	][	0	]
[	0	][	144	][	3	][	0	][	0	]
============ Room: F1 Capacity: 300 ============
[	42	][	64	][	88	][	36	][	0	]
[	0	][	142	][	79	][	18	][	0	]
[	120	][	0	][	0	][	141	][	17	]
[	24	][	0	][	140	][	0	][	0	]
============ Room: SPEL Capacity: 40 ============
[	0	][	44	][	15	][	153	][	106	]
[	105	][	115	][	50	][	0	][	0	]
[	112	][	0	][	52	][	55	][	43	]
[	0	][	148	][	0	][	59	][	85	]
============ Room: SPOR Capacity: 30 ============
[	22	][	0	][	127	][	48	][	11	]
[	12	][	0	][	33	][	10	][	104	]
[	0	][	66	][	0	][	81	][	13	]
[	56	][	0	][	0	][	154	][	0	]
============ Room: MUSI Capacity: 40 ============
[	0	][	0	][	0	][	0	][	0	]
[	125	][	0	][	0	][	67	][	53	]
[	113	][	80	][	0	][	39	][	16	]
[	0	][	0	][	0	][	0	][	0	]
============ Room: ROD Capacity: 30 ============
[	0	][	82	][	152	][	0	][	0	]
[	0	][	151	][	124	][	0	][	149	]
[	0	][	14	][	110	][	126	][	0	]
[	103	][	41	][	0	][	0	][	0	]
============ Room: ORA Capacity: 30 ============
[	0	][	47	][	0	][	0	][	19	]
[	23	][	114	][	21	][	0	][	0	]
[	109	][	0	][	40	][	20	][	45	]
[	107	][	0	][	0	][	0	][	100	]
============ Room: VIO Capacity: 40 ============
[	0	][	0	][	34	][	155	][	49	]
[	46	][	0	][	108	][	0	][	102	]
[	0	][	0	][	0	][	150	][	84	]
[	83	][	87	][	0	][	58	][	0	]
============ Room: GRA Capacity: 30 ============
[	35	][	0	][	9	][	0	][	0	]
[	0	][	111	][	0	][	54	][	86	]
[	57	][	0	][	0	][	0	][	0	]
[	0	][	0	][	0	][	101	][	0	]
