Number of slots: 320
Number of events: 159
Sparseness: 0.496875

Globalit: 914
Fitness: -4125	 Created: 1982
Time: 2002ms

Hard broken: 1
Initialtemperature: 0.69487
InitialIterations: 10
My value: -1.4384E-5
Stuck limit: 2147483647
Desired fitness: -50
Time limit: 2000

============ Room: D1 Capacity: 200 ============
[	0	][	120	][	0	][	78	][	0	]
[	2	][	0	][	0	][	147	][	65	]
[	64	][	71	][	72	][	0	][	0	]
[	51	][	156	][	0	][	79	][	0	]
============ Room: D2 Capacity: 50 ============
[	139	][	0	][	0	][	130	][	0	]
[	144	][	61	][	25	][	0	][	0	]
[	145	][	95	][	0	][	73	][	74	]
[	0	][	0	][	96	][	5	][	0	]
============ Room: D3 Capacity: 50 ============
[	90	][	7	][	0	][	91	][	138	]
[	146	][	6	][	0	][	0	][	0	]
[	70	][	63	][	131	][	0	][	0	]
[	0	][	76	][	0	][	0	][	29	]
============ Room: D45 Capacity: 40 ============
[	157	][	4	][	0	][	0	][	0	]
[	0	][	0	][	0	][	0	][	0	]
[	0	][	158	][	0	][	0	][	0	]
[	62	][	0	][	31	][	0	][	77	]
============ Room: D46 Capacity: 40 ============
[	119	][	0	][	0	][	133	][	136	]
[	121	][	92	][	3	][	26	][	0	]
[	97	][	69	][	0	][	0	][	98	]
[	93	][	0	][	32	][	0	][	0	]
============ Room: E1 Capacity: 350 ============
[	0	][	60	][	88	][	0	][	24	]
[	0	][	36	][	0	][	0	][	0	]
[	0	][	0	][	0	][	0	][	142	]
[	140	][	89	][	128	][	141	][	0	]
============ Room: E35 Capacity: 40 ============
[	159	][	0	][	0	][	38	][	0	]
[	137	][	0	][	0	][	0	][	123	]
[	0	][	0	][	132	][	143	][	0	]
[	0	][	0	][	0	][	37	][	0	]
============ Room: E36 Capacity: 40 ============
[	117	][	0	][	0	][	94	][	0	]
[	0	][	122	][	27	][	75	][	0	]
[	30	][	0	][	0	][	99	][	28	]
[	0	][	0	][	0	][	118	][	0	]
============ Room: F1 Capacity: 300 ============
[	17	][	135	][	18	][	0	][	0	]
[	42	][	129	][	0	][	134	][	1	]
[	116	][	0	][	0	][	0	][	0	]
[	0	][	0	][	0	][	0	][	68	]
============ Room: SPEL Capacity: 40 ============
[	0	][	0	][	0	][	0	][	151	]
[	111	][	82	][	112	][	0	][	80	]
[	9	][	0	][	0	][	44	][	0	]
[	20	][	0	][	0	][	114	][	126	]
============ Room: SPOR Capacity: 30 ============
[	0	][	35	][	0	][	0	][	105	]
[	0	][	0	][	83	][	110	][	86	]
[	85	][	34	][	103	][	0	][	48	]
[	41	][	56	][	0	][	0	][	0	]
============ Room: MUSI Capacity: 40 ============
[	0	][	19	][	0	][	47	][	0	]
[	0	][	0	][	108	][	0	][	109	]
[	59	][	0	][	0	][	0	][	46	]
[	0	][	55	][	15	][	0	][	0	]
============ Room: ROD Capacity: 30 ============
[	0	][	101	][	0	][	148	][	150	]
[	0	][	0	][	0	][	39	][	0	]
[	13	][	53	][	102	][	21	][	50	]
[	40	][	0	][	16	][	153	][	0	]
============ Room: ORA Capacity: 30 ============
[	14	][	58	][	0	][	0	][	0	]
[	66	][	43	][	0	][	0	][	115	]
[	0	][	0	][	0	][	33	][	124	]
[	0	][	12	][	57	][	0	][	0	]
============ Room: VIO Capacity: 40 ============
[	11	][	23	][	0	][	45	][	100	]
[	154	][	149	][	0	][	0	][	0	]
[	81	][	0	][	104	][	49	][	8	]
[	0	][	10	][	52	][	152	][	106	]
============ Room: GRA Capacity: 30 ============
[	0	][	54	][	0	][	22	][	107	]
[	0	][	84	][	113	][	0	][	155	]
[	0	][	0	][	0	][	127	][	67	]
[	0	][	125	][	87	][	0	][	0	]
