Number of slots: 320
Number of events: 159
Sparseness: 0.496875

Globalit: 4682
Fitness: -4	 Created: 80652
Time: 90013ms

Initialtemperature: 43.0InitialIterations: 100Stuck limit: 2147483647Desired fitness: 0
============ Room: D1 Capacity: 200 ============
[	0	][	0	][	78	][	0	][	0	]
[	1	][	79	][	141	][	0	][	0	]
[	0	][	0	][	64	][	142	][	0	]
[	0	][	0	][	51	][	0	][	42	]
============ Room: D2 Capacity: 50 ============
[	0	][	143	][	0	][	0	][	31	]
[	0	][	93	][	0	][	5	][	73	]
[	97	][	121	][	0	][	0	][	32	]
[	138	][	75	][	63	][	0	][	25	]
============ Room: D3 Capacity: 50 ============
[	4	][	0	][	0	][	157	][	0	]
[	0	][	94	][	62	][	0	][	0	]
[	7	][	0	][	0	][	0	][	28	]
[	0	][	117	][	136	][	0	][	38	]
============ Room: D45 Capacity: 40 ============
[	0	][	0	][	146	][	74	][	0	]
[	91	][	0	][	0	][	0	][	0	]
[	133	][	0	][	30	][	0	][	0	]
[	0	][	0	][	0	][	0	][	0	]
============ Room: D46 Capacity: 40 ============
[	0	][	122	][	95	][	37	][	0	]
[	130	][	0	][	0	][	26	][	139	]
[	0	][	123	][	0	][	0	][	61	]
[	119	][	6	][	0	][	0	][	0	]
============ Room: E1 Capacity: 350 ============
[	147	][	0	][	0	][	0	][	65	]
[	0	][	128	][	129	][	135	][	8	]
[	0	][	24	][	0	][	71	][	0	]
[	0	][	140	][	36	][	2	][	72	]
============ Room: E35 Capacity: 40 ============
[	27	][	0	][	132	][	0	][	0	]
[	0	][	0	][	29	][	0	][	90	]
[	96	][	131	][	99	][	0	][	76	]
[	137	][	77	][	118	][	0	][	158	]
============ Room: E36 Capacity: 40 ============
[	70	][	0	][	145	][	0	][	0	]
[	0	][	0	][	0	][	159	][	0	]
[	0	][	69	][	98	][	92	][	144	]
[	0	][	3	][	0	][	0	][	0	]
============ Room: F1 Capacity: 300 ============
[	134	][	89	][	0	][	18	][	88	]
[	68	][	0	][	0	][	0	][	0	]
[	0	][	0	][	0	][	60	][	0	]
[	17	][	0	][	156	][	116	][	120	]
============ Room: SPEL Capacity: 40 ============
[	0	][	0	][	0	][	48	][	0	]
[	39	][	0	][	0	][	34	][	0	]
[	0	][	115	][	151	][	0	][	0	]
[	101	][	66	][	108	][	41	][	0	]
============ Room: SPOR Capacity: 30 ============
[	102	][	22	][	10	][	0	][	11	]
[	0	][	148	][	0	][	100	][	0	]
[	86	][	0	][	150	][	0	][	126	]
[	0	][	50	][	0	][	84	][	0	]
============ Room: MUSI Capacity: 40 ============
[	0	][	35	][	152	][	0	][	57	]
[	0	][	127	][	110	][	0	][	21	]
[	33	][	52	][	0	][	0	][	0	]
[	154	][	0	][	109	][	23	][	113	]
============ Room: ROD Capacity: 30 ============
[	0	][	20	][	0	][	0	][	12	]
[	0	][	13	][	81	][	0	][	0	]
[	0	][	0	][	15	][	0	][	0	]
[	83	][	103	][	112	][	0	][	0	]
============ Room: ORA Capacity: 30 ============
[	46	][	0	][	0	][	43	][	0	]
[	0	][	54	][	124	][	53	][	58	]
[	0	][	0	][	0	][	155	][	106	]
[	153	][	0	][	9	][	0	][	111	]
============ Room: VIO Capacity: 40 ============
[	0	][	47	][	0	][	0	][	0	]
[	55	][	40	][	67	][	104	][	0	]
[	56	][	80	][	0	][	49	][	149	]
[	107	][	0	][	0	][	0	][	114	]
============ Room: GRA Capacity: 30 ============
[	82	][	87	][	0	][	44	][	19	]
[	125	][	0	][	0	][	105	][	59	]
[	85	][	16	][	0	][	0	][	0	]
[	14	][	0	][	0	][	45	][	0	]
