Number of slots: 240
Number of events: 115
Sparseness: 0.4791666666666667

Globalit: 3720
Fitness: 0	 Created: 38311
Time: 38318ms

============ Room: D1 Capacity: 200 ============
[	0	][	0	][	0	][	0	][	17	]
[	8	][	64	][	0	][	0	][	36	]
[	51	][	0	][	0	][	0	][	65	]
[	42	][	0	][	18	][	0	][	68	]
============ Room: D2 Capacity: 50 ============
[	92	][	0	][	0	][	7	][	32	]
[	0	][	0	][	0	][	6	][	4	]
[	0	][	0	][	0	][	0	][	0	]
[	27	][	99	][	0	][	0	][	0	]
============ Room: D3 Capacity: 50 ============
[	90	][	0	][	98	][	28	][	0	]
[	0	][	0	][	29	][	76	][	62	]
[	97	][	0	][	38	][	26	][	0	]
[	0	][	0	][	0	][	0	][	0	]
============ Room: D45 Capacity: 40 ============
[	30	][	0	][	0	][	0	][	0	]
[	63	][	0	][	0	][	95	][	0	]
[	0	][	0	][	0	][	0	][	0	]
[	25	][	70	][	69	][	0	][	0	]
============ Room: D46 Capacity: 40 ============
[	93	][	77	][	0	][	0	][	31	]
[	0	][	0	][	0	][	3	][	0	]
[	0	][	74	][	96	][	0	][	0	]
[	0	][	61	][	91	][	0	][	0	]
============ Room: E1 Capacity: 350 ============
[	60	][	24	][	0	][	89	][	0	]
[	88	][	2	][	0	][	0	][	0	]
[	72	][	0	][	0	][	71	][	0	]
[	78	][	79	][	0	][	0	][	1	]
============ Room: E35 Capacity: 40 ============
[	94	][	0	][	5	][	0	][	0	]
[	0	][	0	][	0	][	0	][	0	]
[	0	][	75	][	73	][	0	][	0	]
[	0	][	0	][	0	][	0	][	37	]
============ Room: SPEL Capacity: 40 ============
[	85	][	110	][	0	][	87	][	66	]
[	82	][	0	][	0	][	0	][	0	]
[	10	][	111	][	0	][	112	][	114	]
[	103	][	0	][	54	][	0	][	100	]
============ Room: SPOR Capacity: 30 ============
[	83	][	109	][	22	][	49	][	115	]
[	21	][	106	][	35	][	0	][	0	]
[	19	][	34	][	14	][	113	][	84	]
[	0	][	0	][	39	][	23	][	0	]
============ Room: MUSI Capacity: 40 ============
[	0	][	46	][	44	][	80	][	0	]
[	0	][	0	][	105	][	41	][	57	]
[	0	][	55	][	9	][	0	][	0	]
[	0	][	0	][	0	][	102	][	104	]
============ Room: ROD Capacity: 30 ============
[	59	][	0	][	0	][	40	][	0	]
[	0	][	0	][	13	][	50	][	52	]
[	33	][	0	][	0	][	48	][	56	]
[	107	][	11	][	0	][	0	][	45	]
============ Room: ORA Capacity: 30 ============
[	0	][	108	][	0	][	67	][	12	]
[	47	][	101	][	0	][	43	][	53	]
[	0	][	0	][	16	][	0	][	0	]
[	15	][	20	][	86	][	58	][	81	]
