Number of slots: 320
Number of events: 159
Sparseness: 0.496875

Generations: 20
Fitness: -356320	 Created: 1043
Time: 1043ms

Hard broken: 101
Desired fitness: -50
Stuck limit: 2147483647
Population size: 100
P(Mutation) = 4.0%
Time limit: 1000

============ Room: D1 Capacity: 200 ============
[	142	][	2	][	0	][	78	][	0	]
[	0	][	1	][	0	][	0	][	0	]
[	0	][	0	][	0	][	0	][	42	]
[	117	][	0	][	0	][	0	][	53	]
============ Room: D2 Capacity: 50 ============
[	0	][	0	][	0	][	0	][	81	]
[	61	][	29	][	159	][	63	][	4	]
[	0	][	0	][	0	][	0	][	0	]
[	0	][	0	][	0	][	91	][	0	]
============ Room: D3 Capacity: 50 ============
[	0	][	110	][	144	][	3	][	0	]
[	93	][	0	][	0	][	158	][	0	]
[	0	][	116	][	0	][	0	][	75	]
[	62	][	68	][	0	][	25	][	0	]
============ Room: D45 Capacity: 40 ============
[	125	][	114	][	131	][	137	][	59	]
[	0	][	0	][	0	][	0	][	71	]
[	0	][	0	][	0	][	0	][	0	]
[	45	][	140	][	0	][	0	][	0	]
============ Room: D46 Capacity: 40 ============
[	0	][	0	][	0	][	155	][	0	]
[	0	][	51	][	0	][	143	][	66	]
[	32	][	70	][	0	][	0	][	154	]
[	34	][	128	][	0	][	0	][	23	]
============ Room: E1 Capacity: 350 ============
[	0	][	0	][	0	][	46	][	0	]
[	47	][	0	][	0	][	0	][	0	]
[	138	][	36	][	122	][	80	][	0	]
[	0	][	43	][	40	][	41	][	0	]
============ Room: E35 Capacity: 40 ============
[	0	][	0	][	39	][	136	][	0	]
[	90	][	123	][	124	][	95	][	52	]
[	0	][	0	][	0	][	54	][	135	]
[	0	][	0	][	145	][	0	][	0	]
============ Room: E36 Capacity: 40 ============
[	60	][	0	][	15	][	79	][	94	]
[	0	][	88	][	26	][	86	][	0	]
[	0	][	0	][	130	][	109	][	146	]
[	0	][	157	][	133	][	0	][	107	]
============ Room: F1 Capacity: 300 ============
[	0	][	0	][	0	][	10	][	150	]
[	0	][	118	][	72	][	44	][	28	]
[	37	][	13	][	129	][	0	][	0	]
[	74	][	89	][	0	][	0	][	96	]
============ Room: SPEL Capacity: 40 ============
[	22	][	16	][	126	][	151	][	0	]
[	0	][	0	][	0	][	127	][	0	]
[	120	][	18	][	103	][	0	][	0	]
[	9	][	0	][	19	][	153	][	113	]
============ Room: SPOR Capacity: 30 ============
[	0	][	56	][	8	][	0	][	67	]
[	24	][	0	][	0	][	0	][	0	]
[	156	][	48	][	5	][	147	][	92	]
[	6	][	0	][	104	][	0	][	0	]
============ Room: MUSI Capacity: 40 ============
[	152	][	0	][	50	][	64	][	55	]
[	33	][	111	][	0	][	0	][	0	]
[	0	][	112	][	20	][	0	][	0	]
[	0	][	0	][	132	][	76	][	27	]
============ Room: ROD Capacity: 30 ============
[	0	][	30	][	0	][	49	][	149	]
[	134	][	0	][	0	][	97	][	0	]
[	98	][	99	][	148	][	0	][	77	]
[	0	][	0	][	11	][	0	][	119	]
============ Room: ORA Capacity: 30 ============
[	0	][	87	][	14	][	17	][	7	]
[	0	][	82	][	35	][	57	][	83	]
[	58	][	100	][	31	][	21	][	0	]
[	101	][	0	][	65	][	0	][	105	]
============ Room: VIO Capacity: 40 ============
[	139	][	0	][	0	][	0	][	0	]
[	121	][	106	][	0	][	0	][	0	]
[	0	][	12	][	0	][	0	][	0	]
[	0	][	0	][	73	][	0	][	0	]
============ Room: GRA Capacity: 30 ============
[	0	][	0	][	38	][	0	][	108	]
[	85	][	141	][	0	][	0	][	0	]
[	0	][	0	][	102	][	115	][	0	]
[	0	][	0	][	84	][	69	][	0	]
