Number of slots: 320
Number of events: 159
Sparseness: 0.496875

Globalit: 3827 Generations: 711
Fitness: -1	 Created: 61041
Time: 90020ms

Initialtemperature: 4.3InitialIterations: 100Stuck limit: 1000Desired fitness: 0Desired fitness: -9Stuck limit: 100Population size: 100Selection size: 30Mutation type: NORMALP(Mutation) = 6.0%Selection type: NORMALP(Crossover) = 50.0%
============ Room: D1 Capacity: 200 ============
[	24	][	0	][	0	][	8	][	60	]
[	0	][	135	][	0	][	0	][	0	]
[	0	][	51	][	0	][	0	][	0	]
[	0	][	0	][	134	][	0	][	0	]
============ Room: D2 Capacity: 50 ============
[	146	][	0	][	0	][	62	][	0	]
[	123	][	0	][	143	][	0	][	0	]
[	0	][	0	][	0	][	0	][	145	]
[	130	][	144	][	0	][	131	][	99	]
============ Room: D3 Capacity: 50 ============
[	0	][	119	][	5	][	0	][	0	]
[	93	][	77	][	29	][	0	][	0	]
[	132	][	0	][	0	][	0	][	0	]
[	94	][	157	][	0	][	98	][	0	]
============ Room: D45 Capacity: 40 ============
[	0	][	6	][	0	][	0	][	3	]
[	122	][	4	][	137	][	0	][	0	]
[	133	][	38	][	28	][	0	][	0	]
[	0	][	74	][	97	][	95	][	159	]
============ Room: D46 Capacity: 40 ============
[	0	][	73	][	0	][	70	][	0	]
[	0	][	0	][	0	][	0	][	0	]
[	0	][	0	][	138	][	26	][	0	]
[	91	][	63	][	0	][	0	][	0	]
============ Room: E1 Capacity: 350 ============
[	116	][	0	][	0	][	0	][	0	]
[	0	][	18	][	88	][	142	][	141	]
[	68	][	89	][	0	][	36	][	0	]
[	0	][	0	][	17	][	0	][	0	]
============ Room: E35 Capacity: 40 ============
[	32	][	0	][	0	][	27	][	0	]
[	121	][	0	][	0	][	31	][	0	]
[	0	][	69	][	158	][	0	][	0	]
[	90	][	0	][	0	][	0	][	117	]
============ Room: E36 Capacity: 40 ============
[	96	][	118	][	0	][	139	][	25	]
[	92	][	0	][	0	][	0	][	136	]
[	0	][	0	][	30	][	0	][	61	]
[	75	][	76	][	7	][	37	][	0	]
============ Room: F1 Capacity: 300 ============
[	0	][	128	][	120	][	156	][	79	]
[	0	][	0	][	71	][	64	][	0	]
[	147	][	72	][	140	][	78	][	129	]
[	2	][	0	][	42	][	1	][	65	]
============ Room: SPEL Capacity: 40 ============
[	0	][	0	][	0	][	0	][	107	]
[	52	][	110	][	53	][	0	][	11	]
[	112	][	0	][	43	][	0	][	15	]
[	0	][	115	][	124	][	152	][	46	]
============ Room: SPOR Capacity: 30 ============
[	0	][	150	][	0	][	80	][	0	]
[	16	][	108	][	0	][	0	][	0	]
[	0	][	23	][	84	][	0	][	59	]
[	0	][	0	][	0	][	83	][	10	]
============ Room: MUSI Capacity: 40 ============
[	57	][	0	][	0	][	126	][	104	]
[	54	][	0	][	148	][	12	][	49	]
[	55	][	0	][	102	][	149	][	87	]
[	45	][	0	][	0	][	85	][	34	]
============ Room: ROD Capacity: 30 ============
[	0	][	35	][	0	][	0	][	48	]
[	19	][	0	][	0	][	0	][	0	]
[	39	][	0	][	47	][	114	][	0	]
[	0	][	125	][	0	][	0	][	0	]
============ Room: ORA Capacity: 30 ============
[	56	][	103	][	0	][	0	][	106	]
[	86	][	0	][	0	][	101	][	33	]
[	0	][	0	][	40	][	0	][	155	]
[	0	][	14	][	66	][	0	][	0	]
============ Room: VIO Capacity: 40 ============
[	0	][	22	][	67	][	109	][	0	]
[	0	][	111	][	0	][	81	][	0	]
[	41	][	20	][	105	][	44	][	0	]
[	154	][	113	][	0	][	0	][	50	]
============ Room: GRA Capacity: 30 ============
[	0	][	0	][	100	][	0	][	0	]
[	21	][	0	][	0	][	82	][	0	]
[	0	][	153	][	127	][	0	][	58	]
[	0	][	9	][	151	][	0	][	13	]
