Number of slots: 320
Number of events: 159
Sparseness: 0.496875

Generations: 3946
Fitness: -49	 Created: 53261
Time: 90016ms

Desired fitness: 0Stuck limit: 2147483647Population size: 100Selection size: 30Mutation type: NORMALP(Mutation) = 6.0%Selection type: NORMALP(Crossover) = 50.0%
============ Room: D1 Capacity: 200 ============
[	135	][	18	][	2	][	24	][	0	]
[	0	][	0	][	0	][	88	][	147	]
[	42	][	0	][	0	][	0	][	68	]
[	0	][	17	][	78	][	64	][	1	]
============ Room: D2 Capacity: 50 ============
[	0	][	0	][	38	][	4	][	76	]
[	0	][	133	][	0	][	0	][	146	]
[	0	][	0	][	97	][	96	][	0	]
[	0	][	0	][	0	][	0	][	136	]
============ Room: D3 Capacity: 50 ============
[	0	][	0	][	0	][	5	][	30	]
[	145	][	0	][	0	][	0	][	37	]
[	123	][	0	][	131	][	70	][	98	]
[	0	][	117	][	0	][	0	][	0	]
============ Room: D45 Capacity: 40 ============
[	28	][	119	][	90	][	0	][	0	]
[	77	][	92	][	0	][	118	][	69	]
[	27	][	75	][	0	][	0	][	0	]
[	93	][	0	][	62	][	0	][	137	]
============ Room: D46 Capacity: 40 ============
[	0	][	0	][	0	][	139	][	0	]
[	99	][	0	][	0	][	0	][	0	]
[	0	][	25	][	0	][	0	][	0	]
[	0	][	0	][	0	][	121	][	138	]
============ Room: E1 Capacity: 350 ============
[	0	][	0	][	0	][	72	][	0	]
[	0	][	0	][	141	][	129	][	0	]
[	60	][	0	][	71	][	0	][	51	]
[	0	][	79	][	0	][	8	][	0	]
============ Room: E35 Capacity: 40 ============
[	0	][	0	][	0	][	0	][	144	]
[	0	][	0	][	0	][	74	][	73	]
[	0	][	0	][	130	][	0	][	0	]
[	0	][	159	][	7	][	0	][	0	]
============ Room: E36 Capacity: 40 ============
[	157	][	32	][	0	][	3	][	29	]
[	95	][	91	][	158	][	6	][	0	]
[	0	][	0	][	61	][	26	][	0	]
[	94	][	63	][	31	][	132	][	143	]
============ Room: F1 Capacity: 300 ============
[	0	][	134	][	140	][	0	][	0	]
[	65	][	0	][	120	][	0	][	0	]
[	156	][	128	][	36	][	0	][	0	]
[	142	][	89	][	116	][	0	][	0	]
============ Room: SPEL Capacity: 40 ============
[	0	][	67	][	0	][	0	][	59	]
[	9	][	10	][	110	][	0	][	125	]
[	104	][	0	][	53	][	122	][	86	]
[	0	][	14	][	150	][	19	][	0	]
============ Room: SPOR Capacity: 30 ============
[	81	][	112	][	80	][	0	][	0	]
[	35	][	148	][	39	][	0	][	103	]
[	0	][	113	][	56	][	0	][	126	]
[	15	][	0	][	45	][	46	][	0	]
============ Room: MUSI Capacity: 40 ============
[	0	][	16	][	55	][	50	][	105	]
[	0	][	0	][	114	][	0	][	0	]
[	13	][	0	][	0	][	152	][	85	]
[	66	][	0	][	0	][	0	][	0	]
============ Room: ROD Capacity: 30 ============
[	0	][	57	][	0	][	0	][	0	]
[	23	][	11	][	0	][	22	][	0	]
[	0	][	109	][	54	][	33	][	0	]
[	0	][	0	][	149	][	87	][	47	]
============ Room: ORA Capacity: 30 ============
[	0	][	0	][	0	][	127	][	0	]
[	153	][	84	][	0	][	0	][	0	]
[	0	][	0	][	0	][	0	][	0	]
[	44	][	12	][	151	][	115	][	0	]
============ Room: VIO Capacity: 40 ============
[	49	][	0	][	20	][	0	][	0	]
[	0	][	0	][	0	][	21	][	106	]
[	0	][	41	][	0	][	34	][	155	]
[	0	][	0	][	102	][	154	][	83	]
============ Room: GRA Capacity: 30 ============
[	124	][	108	][	82	][	111	][	107	]
[	52	][	40	][	0	][	0	][	100	]
[	0	][	43	][	58	][	0	][	0	]
[	48	][	0	][	0	][	0	][	101	]
