Number of slots: 240
Number of events: 115
Sparseness: 0.4791666666666667

Generations: 6886
Fitness: -2	 Created: 40140
Time: 90009ms

============ Room: D1 Capacity: 200 ============
[	8	][	68	][	24	][	1	][	0	]
[	88	][	64	][	71	][	79	][	0	]
[	0	][	78	][	51	][	0	][	0	]
[	17	][	0	][	0	][	60	][	89	]
============ Room: D2 Capacity: 50 ============
[	0	][	0	][	0	][	95	][	0	]
[	0	][	6	][	0	][	0	][	37	]
[	0	][	0	][	0	][	0	][	3	]
[	0	][	0	][	94	][	0	][	0	]
============ Room: D3 Capacity: 50 ============
[	0	][	93	][	0	][	96	][	0	]
[	77	][	27	][	7	][	0	][	69	]
[	25	][	0	][	0	][	0	][	99	]
[	0	][	0	][	76	][	0	][	0	]
============ Room: D45 Capacity: 40 ============
[	0	][	91	][	98	][	97	][	0	]
[	0	][	0	][	30	][	0	][	0	]
[	0	][	63	][	0	][	0	][	0	]
[	0	][	0	][	0	][	74	][	0	]
============ Room: D46 Capacity: 40 ============
[	0	][	0	][	61	][	26	][	0	]
[	0	][	0	][	0	][	0	][	0	]
[	0	][	0	][	0	][	31	][	32	]
[	92	][	38	][	75	][	0	][	0	]
============ Room: E1 Capacity: 350 ============
[	0	][	42	][	0	][	0	][	0	]
[	36	][	72	][	0	][	0	][	2	]
[	0	][	65	][	0	][	0	][	0	]
[	0	][	0	][	0	][	0	][	18	]
============ Room: E35 Capacity: 40 ============
[	0	][	0	][	73	][	0	][	0	]
[	0	][	0	][	28	][	4	][	0	]
[	0	][	62	][	5	][	29	][	70	]
[	0	][	90	][	0	][	0	][	0	]
============ Room: SPEL Capacity: 40 ============
[	0	][	39	][	34	][	87	][	15	]
[	14	][	46	][	101	][	0	][	84	]
[	107	][	104	][	0	][	0	][	21	]
[	55	][	19	][	16	][	44	][	0	]
============ Room: SPOR Capacity: 30 ============
[	0	][	23	][	0	][	86	][	56	]
[	0	][	113	][	0	][	45	][	50	]
[	102	][	0	][	0	][	115	][	0	]
[	10	][	20	][	58	][	35	][	0	]
============ Room: MUSI Capacity: 40 ============
[	0	][	0	][	0	][	66	][	85	]
[	0	][	112	][	33	][	0	][	105	]
[	0	][	9	][	41	][	57	][	81	]
[	12	][	67	][	0	][	48	][	0	]
============ Room: ROD Capacity: 30 ============
[	52	][	0	][	0	][	80	][	103	]
[	53	][	49	][	0	][	114	][	0	]
[	0	][	0	][	110	][	83	][	0	]
[	0	][	0	][	13	][	43	][	0	]
============ Room: ORA Capacity: 30 ============
[	54	][	40	][	11	][	0	][	0	]
[	0	][	111	][	0	][	47	][	0	]
[	100	][	106	][	109	][	108	][	82	]
[	0	][	22	][	59	][	0	][	0	]
