Number of slots: 320
Number of events: 159
Sparseness: 0.496875

Globalit: 3752 Generations: 749
Fitness: -2	 Created: 58076
Time: 90007ms

Initialtemperature: 4.3InitialIterations: 100Stuck limit: 1000Desired fitness: 0Desired fitness: -9Stuck limit: 100Population size: 100Selection size: 30Mutation type: NORMALP(Mutation) = 6.0%Selection type: NORMALP(Crossover) = 50.0%
============ Room: D1 Capacity: 200 ============
[	0	][	129	][	147	][	0	][	51	]
[	2	][	8	][	0	][	36	][	0	]
[	60	][	72	][	0	][	0	][	1	]
[	0	][	71	][	0	][	128	][	0	]
============ Room: D2 Capacity: 50 ============
[	0	][	4	][	38	][	29	][	77	]
[	0	][	62	][	0	][	144	][	0	]
[	0	][	0	][	69	][	0	][	0	]
[	0	][	94	][	0	][	0	][	0	]
============ Room: D3 Capacity: 50 ============
[	0	][	37	][	25	][	32	][	137	]
[	95	][	90	][	130	][	5	][	0	]
[	0	][	122	][	0	][	0	][	74	]
[	0	][	0	][	0	][	0	][	0	]
============ Room: D45 Capacity: 40 ============
[	63	][	0	][	3	][	0	][	146	]
[	0	][	0	][	98	][	76	][	123	]
[	145	][	0	][	0	][	0	][	0	]
[	0	][	0	][	121	][	93	][	143	]
============ Room: D46 Capacity: 40 ============
[	61	][	0	][	0	][	0	][	157	]
[	99	][	118	][	97	][	159	][	0	]
[	0	][	136	][	26	][	0	][	158	]
[	0	][	0	][	0	][	73	][	96	]
============ Room: E1 Capacity: 350 ============
[	0	][	0	][	0	][	141	][	0	]
[	0	][	0	][	65	][	0	][	88	]
[	0	][	89	][	0	][	0	][	0	]
[	142	][	140	][	0	][	0	][	116	]
============ Room: E35 Capacity: 40 ============
[	30	][	0	][	0	][	70	][	0	]
[	31	][	0	][	0	][	0	][	0	]
[	0	][	138	][	131	][	7	][	0	]
[	133	][	28	][	139	][	0	][	6	]
============ Room: E36 Capacity: 40 ============
[	0	][	117	][	0	][	132	][	0	]
[	119	][	91	][	0	][	0	][	0	]
[	75	][	0	][	27	][	0	][	0	]
[	0	][	92	][	0	][	0	][	0	]
============ Room: F1 Capacity: 300 ============
[	0	][	0	][	135	][	156	][	0	]
[	0	][	0	][	42	][	18	][	79	]
[	0	][	0	][	120	][	64	][	68	]
[	78	][	134	][	17	][	24	][	0	]
============ Room: SPEL Capacity: 40 ============
[	0	][	0	][	111	][	0	][	0	]
[	43	][	0	][	0	][	0	][	55	]
[	35	][	49	][	0	][	104	][	0	]
[	0	][	0	][	13	][	0	][	82	]
============ Room: SPOR Capacity: 30 ============
[	81	][	44	][	0	][	0	][	40	]
[	0	][	57	][	0	][	108	][	59	]
[	0	][	33	][	0	][	0	][	54	]
[	20	][	10	][	45	][	155	][	83	]
============ Room: MUSI Capacity: 40 ============
[	47	][	0	][	0	][	106	][	102	]
[	23	][	0	][	0	][	125	][	0	]
[	0	][	0	][	0	][	101	][	0	]
[	9	][	0	][	66	][	0	][	0	]
============ Room: ROD Capacity: 30 ============
[	150	][	0	][	127	][	15	][	39	]
[	0	][	0	][	19	][	112	][	0	]
[	34	][	0	][	0	][	153	][	0	]
[	107	][	52	][	41	][	48	][	80	]
============ Room: ORA Capacity: 30 ============
[	0	][	50	][	85	][	0	][	0	]
[	0	][	56	][	14	][	126	][	152	]
[	103	][	149	][	109	][	0	][	114	]
[	0	][	148	][	84	][	0	][	46	]
============ Room: VIO Capacity: 40 ============
[	0	][	0	][	58	][	0	][	105	]
[	151	][	0	][	0	][	115	][	0	]
[	12	][	0	][	0	][	0	][	0	]
[	22	][	0	][	110	][	0	][	21	]
============ Room: GRA Capacity: 30 ============
[	124	][	87	][	0	][	0	][	0	]
[	0	][	53	][	0	][	67	][	0	]
[	100	][	11	][	0	][	0	][	113	]
[	16	][	0	][	86	][	154	][	0	]
