Number of slots: 320
Number of events: 159
Sparseness: 0.496875

Generations: 3941
Fitness: -6	 Created: 63540
Time: 90019ms

Desired fitness: 0Stuck limit: 2147483647Population size: 100Selection size: 30Mutation type: NORMALP(Mutation) = 6.0%Selection type: NORMALP(Crossover) = 50.0%
============ Room: D1 Capacity: 200 ============
[	79	][	0	][	8	][	0	][	0	]
[	0	][	78	][	2	][	128	][	0	]
[	18	][	68	][	129	][	60	][	0	]
[	0	][	120	][	135	][	64	][	0	]
============ Room: D2 Capacity: 50 ============
[	99	][	92	][	0	][	123	][	138	]
[	0	][	146	][	29	][	0	][	136	]
[	122	][	74	][	76	][	7	][	31	]
[	0	][	139	][	0	][	0	][	0	]
============ Room: D3 Capacity: 50 ============
[	0	][	0	][	0	][	0	][	30	]
[	0	][	0	][	62	][	118	][	97	]
[	73	][	0	][	93	][	3	][	0	]
[	0	][	0	][	0	][	70	][	4	]
============ Room: D45 Capacity: 40 ============
[	132	][	69	][	133	][	5	][	0	]
[	0	][	131	][	137	][	25	][	63	]
[	143	][	0	][	0	][	0	][	0	]
[	0	][	0	][	0	][	0	][	0	]
============ Room: D46 Capacity: 40 ============
[	27	][	159	][	96	][	0	][	119	]
[	0	][	121	][	28	][	158	][	0	]
[	75	][	38	][	91	][	0	][	0	]
[	94	][	0	][	0	][	0	][	6	]
============ Room: E1 Capacity: 350 ============
[	0	][	140	][	24	][	0	][	0	]
[	65	][	0	][	156	][	0	][	36	]
[	51	][	0	][	116	][	42	][	147	]
[	0	][	0	][	0	][	0	][	0	]
============ Room: E35 Capacity: 40 ============
[	130	][	0	][	0	][	0	][	90	]
[	0	][	61	][	117	][	26	][	0	]
[	0	][	0	][	0	][	0	][	0	]
[	0	][	0	][	98	][	0	][	157	]
============ Room: E36 Capacity: 40 ============
[	95	][	0	][	0	][	37	][	0	]
[	0	][	0	][	145	][	0	][	0	]
[	32	][	0	][	77	][	0	][	0	]
[	0	][	0	][	0	][	0	][	144	]
============ Room: F1 Capacity: 300 ============
[	1	][	0	][	0	][	0	][	0	]
[	89	][	0	][	88	][	141	][	0	]
[	134	][	0	][	142	][	72	][	17	]
[	0	][	71	][	0	][	0	][	0	]
============ Room: SPEL Capacity: 40 ============
[	45	][	10	][	84	][	0	][	0	]
[	155	][	48	][	34	][	53	][	49	]
[	102	][	0	][	35	][	0	][	81	]
[	39	][	47	][	0	][	0	][	0	]
============ Room: SPOR Capacity: 30 ============
[	0	][	9	][	52	][	100	][	67	]
[	0	][	0	][	87	][	111	][	85	]
[	0	][	56	][	0	][	125	][	50	]
[	16	][	0	][	0	][	0	][	55	]
============ Room: MUSI Capacity: 40 ============
[	0	][	14	][	0	][	0	][	66	]
[	0	][	0	][	0	][	112	][	0	]
[	0	][	0	][	0	][	113	][	115	]
[	0	][	0	][	0	][	0	][	0	]
============ Room: ROD Capacity: 30 ============
[	0	][	22	][	54	][	0	][	58	]
[	21	][	0	][	0	][	13	][	44	]
[	0	][	105	][	0	][	0	][	110	]
[	41	][	0	][	0	][	46	][	103	]
============ Room: ORA Capacity: 30 ============
[	43	][	83	][	0	][	106	][	0	]
[	0	][	23	][	80	][	86	][	124	]
[	0	][	0	][	59	][	0	][	127	]
[	0	][	0	][	0	][	148	][	0	]
============ Room: VIO Capacity: 40 ============
[	0	][	0	][	57	][	151	][	149	]
[	153	][	33	][	0	][	114	][	152	]
[	107	][	101	][	0	][	0	][	0	]
[	0	][	15	][	0	][	150	][	126	]
============ Room: GRA Capacity: 30 ============
[	0	][	19	][	154	][	0	][	40	]
[	0	][	11	][	0	][	0	][	82	]
[	0	][	104	][	20	][	0	][	109	]
[	0	][	108	][	12	][	0	][	0	]
