Number of slots: 240
Number of events: 115
Sparseness: 0.4791666666666667

Generations: 6874
Fitness: -1	 Created: 10815
Time: 90010ms

============ Room: D1 Capacity: 200 ============
[	0	][	17	][	0	][	0	][	0	]
[	0	][	0	][	0	][	18	][	0	]
[	0	][	0	][	0	][	64	][	0	]
[	8	][	78	][	60	][	0	][	0	]
============ Room: D2 Capacity: 50 ============
[	0	][	69	][	73	][	0	][	30	]
[	0	][	0	][	0	][	0	][	0	]
[	0	][	0	][	4	][	38	][	0	]
[	32	][	0	][	0	][	95	][	5	]
============ Room: D3 Capacity: 50 ============
[	0	][	3	][	0	][	25	][	74	]
[	29	][	0	][	0	][	0	][	0	]
[	76	][	0	][	0	][	0	][	93	]
[	31	][	0	][	97	][	99	][	0	]
============ Room: D45 Capacity: 40 ============
[	0	][	0	][	0	][	0	][	0	]
[	28	][	0	][	27	][	0	][	70	]
[	0	][	0	][	0	][	90	][	61	]
[	0	][	0	][	37	][	98	][	0	]
============ Room: D46 Capacity: 40 ============
[	0	][	7	][	0	][	0	][	0	]
[	96	][	0	][	63	][	0	][	0	]
[	0	][	0	][	0	][	26	][	94	]
[	0	][	0	][	0	][	0	][	0	]
============ Room: E1 Capacity: 350 ============
[	0	][	42	][	0	][	89	][	2	]
[	0	][	0	][	0	][	79	][	0	]
[	68	][	1	][	71	][	0	][	24	]
[	88	][	36	][	51	][	72	][	65	]
============ Room: E35 Capacity: 40 ============
[	92	][	0	][	0	][	75	][	0	]
[	0	][	62	][	0	][	0	][	91	]
[	0	][	77	][	6	][	0	][	0	]
[	0	][	0	][	0	][	0	][	0	]
============ Room: SPEL Capacity: 40 ============
[	39	][	105	][	11	][	66	][	56	]
[	0	][	0	][	82	][	107	][	48	]
[	0	][	40	][	109	][	0	][	58	]
[	0	][	0	][	9	][	0	][	0	]
============ Room: SPOR Capacity: 30 ============
[	0	][	0	][	0	][	0	][	0	]
[	0	][	14	][	102	][	100	][	0	]
[	21	][	106	][	110	][	67	][	87	]
[	0	][	111	][	22	][	12	][	23	]
============ Room: MUSI Capacity: 40 ============
[	43	][	34	][	0	][	0	][	0	]
[	0	][	59	][	33	][	41	][	83	]
[	53	][	47	][	112	][	0	][	10	]
[	0	][	45	][	80	][	13	][	44	]
============ Room: ROD Capacity: 30 ============
[	0	][	103	][	54	][	0	][	108	]
[	0	][	84	][	35	][	0	][	0	]
[	113	][	0	][	0	][	81	][	15	]
[	86	][	46	][	85	][	0	][	0	]
============ Room: ORA Capacity: 30 ============
[	0	][	101	][	20	][	16	][	0	]
[	49	][	55	][	104	][	0	][	0	]
[	19	][	50	][	115	][	0	][	57	]
[	52	][	0	][	0	][	0	][	114	]
