Number of slots: 160
Number of events: 70
Sparseness: 0.4375

Generations: 181
Fitness: 0	 Created: 3853
Time: 3853ms

Hard broken: 0
Time limit: 600000
Desired fitness: -4
Stuck limit: 2147483647
Population size: 100
P(Mutation) = 6.0%

============ Room: D1 Capacity: 200 ============
[	0	][	68	][	36	][	1	][	0	]
[	17	][	0	][	0	][	0	][	0	]
[	0	][	0	][	0	][	0	][	0	]
[	0	][	0	][	0	][	0	][	24	]
============ Room: D3 Capacity: 50 ============
[	0	][	37	][	0	][	0	][	6	]
[	69	][	38	][	0	][	0	][	30	]
[	28	][	0	][	0	][	0	][	0	]
[	31	][	0	][	25	][	0	][	0	]
============ Room: D45 Capacity: 40 ============
[	0	][	0	][	0	][	0	][	4	]
[	0	][	0	][	7	][	63	][	0	]
[	61	][	27	][	0	][	0	][	3	]
[	0	][	0	][	0	][	0	][	0	]
============ Room: E1 Capacity: 350 ============
[	60	][	0	][	0	][	65	][	42	]
[	0	][	0	][	0	][	0	][	0	]
[	0	][	0	][	51	][	18	][	0	]
[	0	][	0	][	2	][	8	][	64	]
============ Room: E35 Capacity: 40 ============
[	0	][	0	][	26	][	0	][	0	]
[	5	][	0	][	29	][	70	][	0	]
[	62	][	0	][	0	][	0	][	0	]
[	32	][	0	][	0	][	0	][	0	]
============ Room: SPEL Capacity: 40 ============
[	47	][	57	][	14	][	0	][	40	]
[	0	][	0	][	67	][	16	][	48	]
[	0	][	12	][	15	][	13	][	46	]
[	22	][	0	][	0	][	33	][	0	]
============ Room: SPOR Capacity: 30 ============
[	44	][	10	][	0	][	0	][	0	]
[	55	][	52	][	0	][	23	][	0	]
[	58	][	0	][	66	][	45	][	20	]
[	0	][	19	][	50	][	53	][	56	]
============ Room: MUSI Capacity: 40 ============
[	21	][	59	][	0	][	0	][	0	]
[	41	][	9	][	49	][	39	][	0	]
[	54	][	0	][	0	][	34	][	43	]
[	11	][	0	][	35	][	0	][	0	]
