Number of slots: 320
Number of events: 159
Sparseness: 0.496875

Globalit: 4700
Fitness: -2	 Created: 87836
Time: 90019ms

Initialtemperature: 43.0InitialIterations: 100Stuck limit: 2147483647Desired fitness: 0
============ Room: D1 Capacity: 200 ============
[	65	][	0	][	141	][	89	][	0	]
[	0	][	0	][	0	][	128	][	142	]
[	88	][	0	][	0	][	129	][	36	]
[	156	][	0	][	0	][	68	][	71	]
============ Room: D2 Capacity: 50 ============
[	25	][	0	][	0	][	0	][	0	]
[	0	][	122	][	146	][	0	][	0	]
[	26	][	7	][	0	][	144	][	0	]
[	90	][	0	][	123	][	0	][	0	]
============ Room: D3 Capacity: 50 ============
[	0	][	98	][	28	][	38	][	118	]
[	94	][	0	][	139	][	0	][	4	]
[	0	][	0	][	0	][	0	][	0	]
[	93	][	97	][	143	][	121	][	3	]
============ Room: D45 Capacity: 40 ============
[	0	][	0	][	70	][	37	][	27	]
[	0	][	77	][	31	][	99	][	0	]
[	62	][	5	][	0	][	0	][	0	]
[	0	][	0	][	73	][	0	][	131	]
============ Room: D46 Capacity: 40 ============
[	0	][	0	][	0	][	0	][	0	]
[	92	][	133	][	157	][	96	][	0	]
[	32	][	6	][	0	][	158	][	0	]
[	0	][	0	][	30	][	0	][	29	]
============ Room: E1 Capacity: 350 ============
[	0	][	0	][	0	][	0	][	0	]
[	135	][	1	][	72	][	0	][	17	]
[	2	][	64	][	134	][	0	][	60	]
[	42	][	0	][	51	][	18	][	0	]
============ Room: E35 Capacity: 40 ============
[	138	][	0	][	0	][	61	][	119	]
[	91	][	0	][	159	][	0	][	0	]
[	0	][	0	][	0	][	0	][	0	]
[	0	][	0	][	0	][	0	][	69	]
============ Room: E36 Capacity: 40 ============
[	137	][	136	][	63	][	75	][	0	]
[	0	][	76	][	145	][	0	][	0	]
[	0	][	0	][	74	][	0	][	95	]
[	0	][	130	][	132	][	0	][	117	]
============ Room: F1 Capacity: 300 ============
[	120	][	0	][	79	][	0	][	8	]
[	0	][	0	][	116	][	0	][	0	]
[	0	][	0	][	0	][	24	][	0	]
[	0	][	78	][	147	][	0	][	140	]
============ Room: SPEL Capacity: 40 ============
[	41	][	11	][	153	][	0	][	0	]
[	0	][	20	][	0	][	125	][	0	]
[	0	][	0	][	53	][	107	][	44	]
[	34	][	0	][	0	][	0	][	0	]
============ Room: SPOR Capacity: 30 ============
[	0	][	56	][	16	][	59	][	33	]
[	85	][	113	][	50	][	0	][	114	]
[	0	][	0	][	54	][	0	][	0	]
[	0	][	126	][	0	][	82	][	110	]
============ Room: MUSI Capacity: 40 ============
[	149	][	154	][	48	][	57	][	66	]
[	0	][	0	][	0	][	49	][	115	]
[	0	][	0	][	22	][	0	][	152	]
[	23	][	0	][	103	][	0	][	0	]
============ Room: ROD Capacity: 30 ============
[	106	][	0	][	0	][	0	][	151	]
[	0	][	109	][	9	][	0	][	108	]
[	150	][	104	][	127	][	0	][	87	]
[	19	][	21	][	0	][	15	][	148	]
============ Room: ORA Capacity: 30 ============
[	100	][	80	][	35	][	13	][	0	]
[	155	][	0	][	14	][	47	][	83	]
[	52	][	40	][	0	][	102	][	0	]
[	0	][	0	][	0	][	86	][	46	]
============ Room: VIO Capacity: 40 ============
[	0	][	84	][	0	][	0	][	0	]
[	0	][	0	][	0	][	0	][	0	]
[	67	][	105	][	101	][	55	][	0	]
[	10	][	12	][	0	][	43	][	111	]
============ Room: GRA Capacity: 30 ============
[	0	][	0	][	0	][	0	][	0	]
[	124	][	39	][	0	][	45	][	0	]
[	0	][	58	][	0	][	0	][	0	]
[	81	][	0	][	0	][	112	][	0	]
