Number of slots: 160
Number of events: 70
Sparseness: 0.4375

Generations: 181
Fitness: 0	 Created: 3474
Time: 3474ms

Hard broken: 0
Time limit: 600000
Desired fitness: -4
Stuck limit: 2147483647
Population size: 100
P(Mutation) = 6.0%

============ Room: D1 Capacity: 200 ============
[	18	][	42	][	36	][	0	][	8	]
[	0	][	68	][	0	][	0	][	0	]
[	0	][	0	][	0	][	24	][	0	]
[	0	][	0	][	1	][	0	][	51	]
============ Room: D3 Capacity: 50 ============
[	0	][	0	][	6	][	0	][	0	]
[	0	][	0	][	0	][	28	][	0	]
[	0	][	0	][	0	][	31	][	0	]
[	0	][	4	][	29	][	32	][	0	]
============ Room: D45 Capacity: 40 ============
[	0	][	0	][	0	][	0	][	0	]
[	0	][	27	][	0	][	0	][	26	]
[	0	][	5	][	0	][	0	][	0	]
[	69	][	3	][	0	][	0	][	63	]
============ Room: E1 Capacity: 350 ============
[	0	][	0	][	0	][	0	][	65	]
[	0	][	0	][	0	][	0	][	0	]
[	0	][	0	][	17	][	60	][	0	]
[	64	][	0	][	0	][	2	][	0	]
============ Room: E35 Capacity: 40 ============
[	0	][	0	][	0	][	0	][	0	]
[	38	][	0	][	7	][	0	][	37	]
[	0	][	25	][	62	][	0	][	0	]
[	0	][	70	][	30	][	61	][	0	]
============ Room: SPEL Capacity: 40 ============
[	35	][	15	][	0	][	39	][	19	]
[	9	][	13	][	0	][	0	][	0	]
[	22	][	41	][	0	][	0	][	0	]
[	20	][	53	][	0	][	48	][	0	]
============ Room: SPOR Capacity: 30 ============
[	33	][	10	][	43	][	67	][	0	]
[	0	][	45	][	56	][	16	][	49	]
[	0	][	0	][	0	][	55	][	21	]
[	0	][	0	][	40	][	0	][	0	]
============ Room: MUSI Capacity: 40 ============
[	50	][	14	][	47	][	12	][	58	]
[	57	][	46	][	0	][	54	][	66	]
[	59	][	0	][	44	][	11	][	0	]
[	0	][	23	][	52	][	0	][	34	]
