Number of slots: 256
Number of events: 159
Sparseness: 0.62109375

Globalit: 1264
Fitness: -4	 Created: 2125
Time: 2126ms

Hard broken: 0
Time limit: 90000
Initialtemperature: 4.3
InitialIterations: 10
My value: -6.83E-4
Stuck limit: 2147483647
Desired fitness: -4

============ Room: D1 Capacity: 200 ============
[	129	][	120	][	68	][	0	]
[	0	][	71	][	36	][	0	]
[	140	][	2	][	1	][	17	]
[	0	][	79	][	0	][	78	]
============ Room: D2 Capacity: 50 ============
[	5	][	0	][	133	][	0	]
[	158	][	91	][	62	][	0	]
[	118	][	30	][	0	][	0	]
[	74	][	70	][	99	][	0	]
============ Room: D3 Capacity: 50 ============
[	0	][	130	][	0	][	26	]
[	0	][	138	][	7	][	143	]
[	0	][	132	][	0	][	0	]
[	25	][	95	][	0	][	145	]
============ Room: D45 Capacity: 40 ============
[	0	][	0	][	0	][	117	]
[	93	][	0	][	28	][	136	]
[	0	][	31	][	27	][	0	]
[	76	][	123	][	0	][	137	]
============ Room: D46 Capacity: 40 ============
[	122	][	0	][	0	][	0	]
[	94	][	0	][	0	][	144	]
[	119	][	0	][	73	][	139	]
[	75	][	97	][	96	][	0	]
============ Room: E1 Capacity: 350 ============
[	24	][	0	][	0	][	128	]
[	0	][	0	][	156	][	72	]
[	65	][	0	][	64	][	0	]
[	135	][	134	][	0	][	42	]
============ Room: E35 Capacity: 40 ============
[	37	][	0	][	159	][	32	]
[	90	][	29	][	0	][	6	]
[	0	][	0	][	69	][	0	]
[	0	][	121	][	3	][	92	]
============ Room: E36 Capacity: 40 ============
[	4	][	131	][	0	][	63	]
[	0	][	61	][	0	][	38	]
[	77	][	157	][	0	][	0	]
[	146	][	98	][	0	][	0	]
============ Room: F1 Capacity: 300 ============
[	89	][	0	][	51	][	0	]
[	116	][	0	][	141	][	0	]
[	60	][	0	][	147	][	88	]
[	0	][	142	][	18	][	8	]
============ Room: SPEL Capacity: 40 ============
[	53	][	47	][	0	][	152	]
[	0	][	9	][	0	][	126	]
[	0	][	81	][	48	][	0	]
[	0	][	34	][	0	][	0	]
============ Room: SPOR Capacity: 30 ============
[	66	][	153	][	0	][	115	]
[	85	][	33	][	67	][	112	]
[	0	][	58	][	102	][	44	]
[	154	][	0	][	0	][	148	]
============ Room: MUSI Capacity: 40 ============
[	82	][	0	][	80	][	155	]
[	84	][	149	][	0	][	23	]
[	13	][	52	][	106	][	0	]
[	124	][	11	][	0	][	0	]
============ Room: ROD Capacity: 30 ============
[	0	][	109	][	16	][	59	]
[	15	][	10	][	49	][	50	]
[	19	][	57	][	39	][	151	]
[	100	][	0	][	83	][	0	]
============ Room: ORA Capacity: 30 ============
[	56	][	0	][	0	][	111	]
[	35	][	0	][	114	][	0	]
[	113	][	103	][	0	][	0	]
[	101	][	21	][	46	][	0	]
============ Room: VIO Capacity: 40 ============
[	55	][	45	][	0	][	0	]
[	0	][	14	][	110	][	125	]
[	54	][	107	][	0	][	0	]
[	41	][	20	][	43	][	150	]
============ Room: GRA Capacity: 30 ============
[	0	][	86	][	105	][	108	]
[	12	][	0	][	0	][	0	]
[	22	][	104	][	0	][	127	]
[	0	][	0	][	87	][	40	]
