Number of slots: 320
Number of events: 159
Sparseness: 0.496875

Generations: 22
Fitness: -401350	 Created: 1010
Time: 1010ms

Hard broken: 112
Desired fitness: -50
Stuck limit: 2147483647
Population size: 100
P(Mutation) = 4.0%
Time limit: 1000

============ Room: D1 Capacity: 200 ============
[	0	][	0	][	0	][	0	][	0	]
[	0	][	0	][	0	][	82	][	0	]
[	0	][	0	][	0	][	2	][	0	]
[	22	][	26	][	0	][	0	][	0	]
============ Room: D2 Capacity: 50 ============
[	0	][	0	][	79	][	88	][	83	]
[	73	][	74	][	0	][	0	][	9	]
[	75	][	96	][	103	][	15	][	133	]
[	0	][	118	][	0	][	69	][	54	]
============ Room: D3 Capacity: 50 ============
[	71	][	0	][	128	][	0	][	0	]
[	0	][	0	][	0	][	115	][	0	]
[	0	][	0	][	42	][	0	][	62	]
[	0	][	136	][	141	][	5	][	0	]
============ Room: D45 Capacity: 40 ============
[	10	][	0	][	64	][	19	][	0	]
[	148	][	135	][	13	][	0	][	0	]
[	24	][	39	][	0	][	44	][	7	]
[	126	][	77	][	0	][	63	][	0	]
============ Room: D46 Capacity: 40 ============
[	94	][	0	][	155	][	0	][	0	]
[	0	][	0	][	158	][	0	][	38	]
[	70	][	0	][	145	][	0	][	0	]
[	0	][	139	][	0	][	6	][	0	]
============ Room: E1 Capacity: 350 ============
[	0	][	131	][	11	][	147	][	0	]
[	0	][	50	][	0	][	0	][	122	]
[	46	][	0	][	0	][	0	][	142	]
[	111	][	0	][	0	][	99	][	67	]
============ Room: E35 Capacity: 40 ============
[	143	][	27	][	0	][	0	][	0	]
[	100	][	0	][	0	][	0	][	125	]
[	0	][	68	][	0	][	0	][	0	]
[	86	][	0	][	127	][	0	][	149	]
============ Room: E36 Capacity: 40 ============
[	56	][	121	][	0	][	0	][	129	]
[	0	][	25	][	21	][	37	][	0	]
[	146	][	0	][	0	][	0	][	17	]
[	0	][	0	][	23	][	97	][	57	]
============ Room: F1 Capacity: 300 ============
[	61	][	84	][	0	][	0	][	0	]
[	0	][	0	][	78	][	132	][	92	]
[	0	][	108	][	0	][	0	][	114	]
[	0	][	29	][	0	][	0	][	52	]
============ Room: SPEL Capacity: 40 ============
[	95	][	120	][	0	][	41	][	0	]
[	4	][	0	][	0	][	138	][	0	]
[	30	][	0	][	20	][	0	][	8	]
[	35	][	112	][	0	][	0	][	0	]
============ Room: SPOR Capacity: 30 ============
[	104	][	66	][	0	][	0	][	144	]
[	0	][	117	][	123	][	76	][	59	]
[	151	][	0	][	0	][	36	][	0	]
[	107	][	0	][	0	][	105	][	0	]
============ Room: MUSI Capacity: 40 ============
[	0	][	58	][	0	][	0	][	0	]
[	0	][	98	][	0	][	0	][	93	]
[	102	][	110	][	1	][	0	][	0	]
[	0	][	0	][	87	][	157	][	65	]
============ Room: ROD Capacity: 30 ============
[	156	][	0	][	0	][	0	][	159	]
[	0	][	31	][	101	][	0	][	0	]
[	134	][	12	][	0	][	0	][	0	]
[	0	][	40	][	0	][	0	][	49	]
============ Room: ORA Capacity: 30 ============
[	0	][	0	][	89	][	152	][	0	]
[	106	][	90	][	0	][	153	][	137	]
[	119	][	55	][	72	][	109	][	113	]
[	0	][	0	][	18	][	0	][	0	]
============ Room: VIO Capacity: 40 ============
[	0	][	0	][	47	][	140	][	85	]
[	130	][	45	][	81	][	53	][	0	]
[	0	][	0	][	0	][	124	][	51	]
[	0	][	0	][	0	][	33	][	32	]
============ Room: GRA Capacity: 30 ============
[	14	][	3	][	116	][	154	][	0	]
[	0	][	0	][	0	][	34	][	0	]
[	150	][	80	][	91	][	0	][	28	]
[	60	][	43	][	0	][	48	][	16	]
