Number of slots: 320
Number of events: 159
Sparseness: 0.496875

Generations: 3976
Fitness: -27	 Created: 74933
Time: 90011ms

Desired fitness: 0Stuck limit: 2147483647Population size: 100Selection size: 30Mutation type: NORMALP(Mutation) = 6.0%Selection type: NORMALP(Crossover) = 50.0%
============ Room: D1 Capacity: 200 ============
[	0	][	0	][	64	][	0	][	0	]
[	0	][	134	][	60	][	65	][	24	]
[	78	][	18	][	0	][	0	][	116	]
[	0	][	88	][	0	][	142	][	0	]
============ Room: D2 Capacity: 50 ============
[	99	][	0	][	130	][	0	][	0	]
[	0	][	0	][	0	][	0	][	25	]
[	133	][	0	][	137	][	0	][	73	]
[	0	][	0	][	118	][	37	][	3	]
============ Room: D3 Capacity: 50 ============
[	96	][	0	][	0	][	0	][	117	]
[	7	][	0	][	75	][	0	][	159	]
[	0	][	0	][	0	][	0	][	4	]
[	62	][	77	][	0	][	138	][	90	]
============ Room: D45 Capacity: 40 ============
[	123	][	69	][	119	][	0	][	6	]
[	0	][	0	][	0	][	0	][	0	]
[	0	][	0	][	0	][	0	][	0	]
[	0	][	144	][	0	][	0	][	91	]
============ Room: D46 Capacity: 40 ============
[	30	][	0	][	0	][	97	][	0	]
[	158	][	92	][	0	][	63	][	0	]
[	0	][	122	][	0	][	5	][	0	]
[	29	][	157	][	98	][	38	][	145	]
============ Room: E1 Capacity: 350 ============
[	0	][	0	][	0	][	0	][	17	]
[	140	][	0	][	0	][	72	][	0	]
[	68	][	36	][	1	][	135	][	0	]
[	0	][	120	][	147	][	0	][	128	]
============ Room: E35 Capacity: 40 ============
[	95	][	94	][	0	][	0	][	76	]
[	28	][	0	][	0	][	0	][	70	]
[	0	][	0	][	146	][	61	][	0	]
[	143	][	131	][	0	][	74	][	0	]
============ Room: E36 Capacity: 40 ============
[	0	][	93	][	0	][	0	][	0	]
[	0	][	0	][	136	][	139	][	31	]
[	32	][	121	][	26	][	0	][	0	]
[	0	][	132	][	0	][	27	][	0	]
============ Room: F1 Capacity: 300 ============
[	0	][	2	][	156	][	71	][	0	]
[	0	][	79	][	141	][	89	][	0	]
[	8	][	51	][	0	][	0	][	0	]
[	129	][	0	][	0	][	0	][	42	]
============ Room: SPEL Capacity: 40 ============
[	0	][	0	][	80	][	35	][	0	]
[	0	][	14	][	57	][	0	][	0	]
[	104	][	0	][	108	][	0	][	0	]
[	55	][	39	][	82	][	0	][	86	]
============ Room: SPOR Capacity: 30 ============
[	0	][	0	][	46	][	10	][	45	]
[	0	][	48	][	127	][	0	][	0	]
[	105	][	0	][	81	][	107	][	103	]
[	56	][	0	][	0	][	0	][	0	]
============ Room: MUSI Capacity: 40 ============
[	0	][	149	][	0	][	0	][	0	]
[	0	][	50	][	0	][	9	][	13	]
[	0	][	84	][	153	][	22	][	66	]
[	0	][	0	][	0	][	0	][	155	]
============ Room: ROD Capacity: 30 ============
[	0	][	0	][	49	][	0	][	111	]
[	100	][	0	][	150	][	53	][	0	]
[	152	][	113	][	0	][	124	][	58	]
[	85	][	0	][	0	][	114	][	23	]
============ Room: ORA Capacity: 30 ============
[	0	][	40	][	0	][	54	][	0	]
[	0	][	21	][	52	][	0	][	12	]
[	0	][	154	][	33	][	106	][	67	]
[	0	][	0	][	0	][	16	][	41	]
============ Room: VIO Capacity: 40 ============
[	44	][	43	][	0	][	0	][	34	]
[	87	][	0	][	110	][	15	][	11	]
[	0	][	0	][	115	][	0	][	0	]
[	0	][	0	][	59	][	0	][	0	]
============ Room: GRA Capacity: 30 ============
[	0	][	0	][	19	][	148	][	47	]
[	102	][	0	][	126	][	0	][	112	]
[	20	][	0	][	109	][	0	][	101	]
[	125	][	0	][	0	][	151	][	83	]
