Number of slots: 320
Number of events: 159
Sparseness: 0.496875

Generations: 19
Fitness: -337338	 Created: 1042
Time: 1042ms

Hard broken: 98
Desired fitness: -50
Stuck limit: 2147483647
Population size: 100
P(Mutation) = 4.0%
Time limit: 1000

============ Room: D1 Capacity: 200 ============
[	0	][	0	][	2	][	0	][	0	]
[	0	][	0	][	0	][	0	][	0	]
[	36	][	0	][	0	][	0	][	0	]
[	71	][	87	][	0	][	0	][	60	]
============ Room: D2 Capacity: 50 ============
[	10	][	139	][	0	][	0	][	24	]
[	0	][	58	][	0	][	91	][	0	]
[	128	][	43	][	141	][	76	][	0	]
[	0	][	153	][	0	][	156	][	0	]
============ Room: D3 Capacity: 50 ============
[	0	][	100	][	0	][	0	][	0	]
[	130	][	0	][	97	][	0	][	0	]
[	0	][	73	][	37	][	22	][	5	]
[	31	][	0	][	0	][	143	][	0	]
============ Room: D45 Capacity: 40 ============
[	0	][	0	][	0	][	0	][	0	]
[	70	][	0	][	83	][	132	][	0	]
[	25	][	67	][	136	][	66	][	61	]
[	159	][	6	][	0	][	0	][	12	]
============ Room: D46 Capacity: 40 ============
[	0	][	0	][	0	][	146	][	0	]
[	0	][	0	][	4	][	138	][	0	]
[	0	][	94	][	0	][	0	][	48	]
[	0	][	157	][	0	][	40	][	75	]
============ Room: E1 Capacity: 350 ============
[	142	][	0	][	0	][	84	][	134	]
[	0	][	0	][	0	][	77	][	0	]
[	0	][	1	][	150	][	64	][	0	]
[	0	][	0	][	0	][	17	][	0	]
============ Room: E35 Capacity: 40 ============
[	0	][	145	][	0	][	74	][	0	]
[	85	][	0	][	0	][	47	][	0	]
[	28	][	0	][	0	][	0	][	51	]
[	116	][	102	][	144	][	124	][	0	]
============ Room: E36 Capacity: 40 ============
[	0	][	0	][	0	][	0	][	30	]
[	131	][	0	][	59	][	92	][	56	]
[	53	][	0	][	81	][	0	][	126	]
[	0	][	96	][	3	][	88	][	140	]
============ Room: F1 Capacity: 300 ============
[	122	][	0	][	16	][	147	][	68	]
[	0	][	0	][	0	][	65	][	117	]
[	52	][	18	][	105	][	110	][	0	]
[	38	][	109	][	0	][	90	][	23	]
============ Room: SPEL Capacity: 40 ============
[	0	][	106	][	19	][	0	][	151	]
[	0	][	78	][	0	][	0	][	0	]
[	79	][	98	][	0	][	133	][	8	]
[	63	][	21	][	0	][	101	][	14	]
============ Room: SPOR Capacity: 30 ============
[	50	][	0	][	158	][	0	][	118	]
[	0	][	121	][	13	][	86	][	42	]
[	0	][	137	][	0	][	57	][	0	]
[	95	][	152	][	0	][	0	][	111	]
============ Room: MUSI Capacity: 40 ============
[	0	][	0	][	32	][	135	][	113	]
[	149	][	0	][	0	][	0	][	99	]
[	108	][	112	][	7	][	55	][	0	]
[	0	][	9	][	0	][	0	][	15	]
============ Room: ROD Capacity: 30 ============
[	80	][	103	][	54	][	0	][	0	]
[	0	][	27	][	29	][	44	][	0	]
[	89	][	0	][	20	][	0	][	0	]
[	0	][	33	][	35	][	45	][	49	]
============ Room: ORA Capacity: 30 ============
[	0	][	0	][	0	][	93	][	123	]
[	62	][	34	][	0	][	69	][	115	]
[	0	][	0	][	46	][	0	][	0	]
[	0	][	155	][	120	][	119	][	129	]
============ Room: VIO Capacity: 40 ============
[	0	][	127	][	0	][	0	][	0	]
[	104	][	0	][	125	][	0	][	114	]
[	0	][	39	][	26	][	11	][	0	]
[	0	][	107	][	72	][	0	][	0	]
============ Room: GRA Capacity: 30 ============
[	0	][	0	][	0	][	41	][	148	]
[	0	][	0	][	0	][	0	][	0	]
[	0	][	82	][	0	][	0	][	0	]
[	0	][	154	][	0	][	0	][	0	]
