Number of slots: 160
Number of events: 70
Sparseness: 0.4375

Generations: 144
Fitness: 0	 Created: 3572
Time: 3572ms

Hard broken: 0
Time limit: 600000
Desired fitness: -4
Stuck limit: 2147483647
Population size: 100
Mutation type: NORMAL
P(Mutation) = 6.0%
Selection type: NORMAL
============ Room: D1 Capacity: 200 ============
[	0	][	64	][	0	][	0	][	0	]
[	0	][	0	][	68	][	0	][	0	]
[	0	][	0	][	42	][	0	][	0	]
[	0	][	65	][	18	][	24	][	0	]
============ Room: D3 Capacity: 50 ============
[	27	][	0	][	30	][	62	][	6	]
[	0	][	0	][	5	][	25	][	0	]
[	0	][	0	][	0	][	61	][	37	]
[	26	][	0	][	0	][	63	][	7	]
============ Room: D45 Capacity: 40 ============
[	0	][	0	][	0	][	0	][	3	]
[	0	][	0	][	0	][	0	][	0	]
[	0	][	0	][	0	][	0	][	0	]
[	0	][	38	][	0	][	0	][	4	]
============ Room: E1 Capacity: 350 ============
[	0	][	0	][	0	][	0	][	0	]
[	17	][	60	][	0	][	8	][	0	]
[	0	][	36	][	1	][	51	][	0	]
[	0	][	0	][	0	][	2	][	0	]
============ Room: E35 Capacity: 40 ============
[	0	][	0	][	0	][	0	][	0	]
[	0	][	31	][	0	][	0	][	28	]
[	0	][	0	][	0	][	0	][	29	]
[	70	][	0	][	32	][	69	][	0	]
============ Room: SPEL Capacity: 40 ============
[	43	][	0	][	0	][	0	][	52	]
[	0	][	23	][	0	][	50	][	0	]
[	13	][	11	][	34	][	39	][	66	]
[	48	][	54	][	16	][	33	][	40	]
============ Room: SPOR Capacity: 30 ============
[	9	][	0	][	0	][	0	][	22	]
[	10	][	20	][	0	][	41	][	12	]
[	57	][	0	][	0	][	0	][	0	]
[	49	][	53	][	44	][	0	][	0	]
============ Room: MUSI Capacity: 40 ============
[	35	][	67	][	0	][	59	][	21	]
[	56	][	0	][	0	][	0	][	47	]
[	15	][	0	][	0	][	19	][	46	]
[	14	][	55	][	0	][	45	][	58	]
