Number of slots: 240
Number of events: 115
Sparseness: 0.4791666666666667

Generations: 6837
Fitness: -3	 Created: 10087
Time: 90005ms

============ Room: D1 Capacity: 200 ============
[	24	][	0	][	0	][	60	][	0	]
[	18	][	0	][	64	][	88	][	0	]
[	0	][	0	][	0	][	0	][	0	]
[	0	][	79	][	17	][	2	][	65	]
============ Room: D2 Capacity: 50 ============
[	0	][	37	][	4	][	0	][	90	]
[	3	][	0	][	0	][	0	][	0	]
[	0	][	0	][	0	][	0	][	0	]
[	0	][	0	][	75	][	0	][	0	]
============ Room: D3 Capacity: 50 ============
[	92	][	25	][	0	][	0	][	0	]
[	0	][	0	][	0	][	26	][	0	]
[	0	][	0	][	0	][	0	][	0	]
[	69	][	0	][	0	][	0	][	0	]
============ Room: D45 Capacity: 40 ============
[	0	][	0	][	28	][	29	][	73	]
[	0	][	0	][	77	][	0	][	0	]
[	0	][	0	][	74	][	7	][	0	]
[	0	][	94	][	0	][	27	][	0	]
============ Room: D46 Capacity: 40 ============
[	0	][	0	][	0	][	76	][	6	]
[	38	][	0	][	0	][	0	][	31	]
[	32	][	0	][	0	][	98	][	63	]
[	70	][	93	][	0	][	62	][	0	]
============ Room: E1 Capacity: 350 ============
[	78	][	1	][	0	][	51	][	0	]
[	0	][	0	][	0	][	0	][	0	]
[	0	][	89	][	8	][	0	][	36	]
[	72	][	68	][	0	][	42	][	71	]
============ Room: E35 Capacity: 40 ============
[	0	][	61	][	30	][	0	][	0	]
[	0	][	97	][	0	][	0	][	0	]
[	0	][	0	][	99	][	95	][	96	]
[	0	][	5	][	0	][	0	][	91	]
============ Room: SPEL Capacity: 40 ============
[	0	][	103	][	0	][	113	][	0	]
[	104	][	16	][	55	][	47	][	0	]
[	109	][	45	][	40	][	0	][	0	]
[	108	][	0	][	101	][	102	][	0	]
============ Room: SPOR Capacity: 30 ============
[	57	][	105	][	53	][	0	][	39	]
[	56	][	0	][	15	][	81	][	52	]
[	82	][	44	][	50	][	0	][	0	]
[	14	][	0	][	0	][	107	][	49	]
============ Room: MUSI Capacity: 40 ============
[	0	][	87	][	35	][	0	][	43	]
[	0	][	46	][	0	][	10	][	9	]
[	110	][	86	][	0	][	21	][	59	]
[	33	][	34	][	66	][	0	][	0	]
============ Room: ROD Capacity: 30 ============
[	0	][	100	][	85	][	12	][	0	]
[	0	][	0	][	20	][	0	][	115	]
[	22	][	84	][	0	][	0	][	23	]
[	54	][	0	][	41	][	0	][	19	]
============ Room: ORA Capacity: 30 ============
[	0	][	0	][	111	][	114	][	67	]
[	106	][	0	][	0	][	0	][	112	]
[	11	][	80	][	0	][	83	][	13	]
[	58	][	0	][	0	][	0	][	48	]
