Number of slots: 240
Number of events: 115
Sparseness: 0.4791666666666667

Generations: 6874
Fitness: -2	 Created: 13214
Time: 90007ms

============ Room: D1 Capacity: 200 ============
[	36	][	71	][	51	][	89	][	64	]
[	8	][	0	][	2	][	1	][	0	]
[	0	][	0	][	17	][	0	][	0	]
[	60	][	18	][	0	][	0	][	0	]
============ Room: D2 Capacity: 50 ============
[	0	][	91	][	6	][	27	][	0	]
[	0	][	74	][	25	][	28	][	5	]
[	70	][	0	][	0	][	0	][	0	]
[	0	][	0	][	0	][	92	][	0	]
============ Room: D3 Capacity: 50 ============
[	30	][	0	][	0	][	0	][	0	]
[	0	][	26	][	0	][	0	][	7	]
[	0	][	0	][	0	][	0	][	62	]
[	0	][	0	][	0	][	0	][	95	]
============ Room: D45 Capacity: 40 ============
[	0	][	94	][	0	][	69	][	0	]
[	0	][	0	][	0	][	0	][	4	]
[	0	][	0	][	0	][	0	][	0	]
[	0	][	37	][	0	][	0	][	0	]
============ Room: D46 Capacity: 40 ============
[	29	][	0	][	77	][	0	][	76	]
[	98	][	38	][	0	][	61	][	90	]
[	0	][	31	][	75	][	93	][	99	]
[	0	][	0	][	0	][	0	][	97	]
============ Room: E1 Capacity: 350 ============
[	72	][	0	][	0	][	0	][	0	]
[	42	][	65	][	78	][	0	][	68	]
[	0	][	0	][	0	][	0	][	0	]
[	24	][	88	][	0	][	0	][	79	]
============ Room: E35 Capacity: 40 ============
[	0	][	63	][	0	][	0	][	32	]
[	0	][	0	][	0	][	0	][	0	]
[	96	][	0	][	0	][	3	][	0	]
[	0	][	0	][	73	][	0	][	0	]
============ Room: SPEL Capacity: 40 ============
[	111	][	10	][	108	][	59	][	54	]
[	23	][	0	][	112	][	0	][	82	]
[	55	][	48	][	115	][	20	][	58	]
[	46	][	0	][	101	][	11	][	0	]
============ Room: SPOR Capacity: 30 ============
[	15	][	49	][	0	][	0	][	107	]
[	22	][	100	][	114	][	106	][	57	]
[	81	][	83	][	0	][	87	][	34	]
[	0	][	53	][	105	][	33	][	9	]
============ Room: MUSI Capacity: 40 ============
[	110	][	0	][	0	][	35	][	102	]
[	0	][	44	][	0	][	0	][	0	]
[	40	][	0	][	39	][	0	][	0	]
[	0	][	16	][	0	][	86	][	0	]
============ Room: ROD Capacity: 30 ============
[	50	][	0	][	113	][	0	][	19	]
[	84	][	45	][	0	][	0	][	0	]
[	12	][	103	][	0	][	66	][	14	]
[	109	][	0	][	67	][	21	][	0	]
============ Room: ORA Capacity: 30 ============
[	0	][	43	][	0	][	0	][	0	]
[	0	][	0	][	0	][	0	][	85	]
[	41	][	80	][	47	][	52	][	13	]
[	0	][	0	][	104	][	56	][	0	]
