Number of slots: 320
Number of events: 159
Sparseness: 0.496875

Globalit: 458
Fitness: -7140	 Created: 1000
Time: 1001ms

Hard broken: 3
Initialtemperature: 0.69487
InitialIterations: 10
My value: -1.4384E-5
Stuck limit: 2147483647
Desired fitness: -50
Time limit: 1000

============ Room: D1 Capacity: 200 ============
[	0	][	0	][	36	][	71	][	135	]
[	51	][	88	][	0	][	134	][	142	]
[	0	][	120	][	140	][	0	][	24	]
[	72	][	17	][	0	][	0	][	0	]
============ Room: D2 Capacity: 50 ============
[	0	][	0	][	0	][	0	][	0	]
[	61	][	0	][	93	][	145	][	90	]
[	7	][	0	][	130	][	0	][	0	]
[	0	][	117	][	0	][	0	][	121	]
============ Room: D3 Capacity: 50 ============
[	0	][	0	][	75	][	95	][	0	]
[	0	][	131	][	159	][	0	][	0	]
[	158	][	0	][	0	][	0	][	136	]
[	0	][	76	][	0	][	0	][	0	]
============ Room: D45 Capacity: 40 ============
[	69	][	77	][	144	][	99	][	0	]
[	0	][	0	][	0	][	29	][	94	]
[	0	][	0	][	73	][	25	][	138	]
[	0	][	0	][	32	][	30	][	37	]
============ Room: D46 Capacity: 40 ============
[	139	][	0	][	0	][	0	][	91	]
[	38	][	123	][	0	][	4	][	92	]
[	3	][	0	][	0	][	0	][	74	]
[	62	][	0	][	118	][	0	][	96	]
============ Room: E1 Capacity: 350 ============
[	78	][	60	][	0	][	0	][	0	]
[	0	][	64	][	79	][	0	][	0	]
[	128	][	1	][	68	][	0	][	2	]
[	0	][	0	][	0	][	0	][	147	]
============ Room: E35 Capacity: 40 ============
[	137	][	122	][	119	][	0	][	0	]
[	0	][	26	][	0	][	0	][	0	]
[	0	][	132	][	0	][	97	][	146	]
[	0	][	70	][	0	][	0	][	0	]
============ Room: E36 Capacity: 40 ============
[	143	][	0	][	0	][	28	][	0	]
[	63	][	27	][	0	][	0	][	133	]
[	0	][	0	][	0	][	157	][	0	]
[	5	][	6	][	31	][	0	][	98	]
============ Room: F1 Capacity: 300 ============
[	0	][	0	][	156	][	0	][	0	]
[	141	][	0	][	116	][	0	][	0	]
[	65	][	0	][	0	][	42	][	0	]
[	129	][	0	][	89	][	0	][	8	]
============ Room: SPEL Capacity: 40 ============
[	124	][	105	][	66	][	0	][	153	]
[	0	][	151	][	0	][	0	][	0	]
[	56	][	21	][	59	][	0	][	0	]
[	0	][	41	][	18	][	0	][	22	]
============ Room: SPOR Capacity: 30 ============
[	45	][	58	][	0	][	12	][	83	]
[	81	][	43	][	0	][	87	][	35	]
[	20	][	148	][	109	][	0	][	0	]
[	0	][	106	][	14	][	0	][	0	]
============ Room: MUSI Capacity: 40 ============
[	0	][	107	][	0	][	9	][	154	]
[	152	][	16	][	0	][	47	][	33	]
[	0	][	44	][	115	][	15	][	111	]
[	0	][	0	][	53	][	150	][	0	]
============ Room: ROD Capacity: 30 ============
[	155	][	0	][	110	][	0	][	80	]
[	0	][	13	][	0	][	85	][	0	]
[	52	][	82	][	0	][	0	][	34	]
[	48	][	50	][	11	][	84	][	0	]
============ Room: ORA Capacity: 30 ============
[	126	][	0	][	0	][	49	][	54	]
[	104	][	0	][	0	][	103	][	125	]
[	40	][	0	][	39	][	0	][	113	]
[	67	][	0	][	0	][	0	][	0	]
============ Room: VIO Capacity: 40 ============
[	86	][	0	][	108	][	0	][	0	]
[	100	][	0	][	0	][	101	][	0	]
[	19	][	0	][	112	][	0	][	0	]
[	0	][	0	][	0	][	10	][	0	]
============ Room: GRA Capacity: 30 ============
[	46	][	102	][	114	][	0	][	57	]
[	23	][	0	][	0	][	0	][	127	]
[	0	][	0	][	0	][	0	][	55	]
[	149	][	0	][	0	][	0	][	0	]
