Number of slots: 320
Number of events: 159
Sparseness: 0.496875

Globalit: 3817 Generations: 741
Fitness: -2	 Created: 82584
Time: 90019ms

Initialtemperature: 4.3InitialIterations: 100Stuck limit: 1000Desired fitness: 0Desired fitness: -9Stuck limit: 100Population size: 100Selection size: 30Mutation type: NORMALP(Mutation) = 6.0%Selection type: NORMALP(Crossover) = 50.0%
============ Room: D1 Capacity: 200 ============
[	142	][	65	][	88	][	116	][	141	]
[	0	][	64	][	0	][	0	][	51	]
[	1	][	129	][	128	][	135	][	134	]
[	140	][	89	][	0	][	0	][	0	]
============ Room: D2 Capacity: 50 ============
[	0	][	32	][	75	][	131	][	38	]
[	0	][	0	][	61	][	0	][	3	]
[	137	][	0	][	0	][	0	][	0	]
[	0	][	0	][	73	][	0	][	69	]
============ Room: D3 Capacity: 50 ============
[	0	][	138	][	26	][	146	][	62	]
[	0	][	0	][	136	][	119	][	159	]
[	0	][	0	][	121	][	0	][	30	]
[	63	][	0	][	143	][	0	][	130	]
============ Room: D45 Capacity: 40 ============
[	91	][	0	][	0	][	0	][	0	]
[	139	][	31	][	0	][	0	][	0	]
[	28	][	0	][	90	][	0	][	98	]
[	0	][	133	][	76	][	0	][	97	]
============ Room: D46 Capacity: 40 ============
[	122	][	145	][	0	][	77	][	94	]
[	0	][	4	][	0	][	0	][	0	]
[	118	][	96	][	93	][	0	][	0	]
[	0	][	0	][	29	][	0	][	0	]
============ Room: E1 Capacity: 350 ============
[	0	][	60	][	0	][	0	][	0	]
[	0	][	79	][	156	][	17	][	18	]
[	0	][	8	][	0	][	78	][	0	]
[	0	][	0	][	0	][	36	][	0	]
============ Room: E35 Capacity: 40 ============
[	0	][	92	][	0	][	0	][	25	]
[	0	][	0	][	0	][	0	][	0	]
[	0	][	0	][	7	][	0	][	0	]
[	6	][	5	][	0	][	0	][	132	]
============ Room: E36 Capacity: 40 ============
[	0	][	0	][	0	][	74	][	0	]
[	99	][	0	][	27	][	157	][	70	]
[	37	][	144	][	158	][	0	][	0	]
[	0	][	123	][	0	][	117	][	95	]
============ Room: F1 Capacity: 300 ============
[	71	][	0	][	42	][	0	][	147	]
[	0	][	120	][	0	][	0	][	0	]
[	0	][	68	][	0	][	2	][	72	]
[	0	][	24	][	0	][	0	][	0	]
============ Room: SPEL Capacity: 40 ============
[	0	][	54	][	0	][	0	][	0	]
[	0	][	0	][	110	][	102	][	101	]
[	0	][	0	][	0	][	114	][	0	]
[	43	][	0	][	150	][	149	][	10	]
============ Room: SPOR Capacity: 30 ============
[	0	][	0	][	0	][	0	][	0	]
[	125	][	0	][	0	][	100	][	104	]
[	0	][	0	][	0	][	152	][	34	]
[	113	][	0	][	127	][	82	][	39	]
============ Room: MUSI Capacity: 40 ============
[	0	][	87	][	0	][	0	][	0	]
[	66	][	0	][	0	][	106	][	80	]
[	0	][	0	][	0	][	111	][	50	]
[	19	][	56	][	49	][	0	][	84	]
============ Room: ROD Capacity: 30 ============
[	0	][	153	][	0	][	23	][	0	]
[	15	][	108	][	0	][	9	][	105	]
[	0	][	0	][	0	][	112	][	0	]
[	148	][	0	][	115	][	103	][	154	]
============ Room: ORA Capacity: 30 ============
[	47	][	0	][	0	][	14	][	0	]
[	126	][	59	][	12	][	107	][	0	]
[	86	][	21	][	0	][	0	][	33	]
[	44	][	0	][	0	][	22	][	46	]
============ Room: VIO Capacity: 40 ============
[	0	][	53	][	155	][	0	][	0	]
[	0	][	58	][	81	][	0	][	83	]
[	0	][	0	][	57	][	109	][	124	]
[	48	][	52	][	0	][	0	][	0	]
============ Room: GRA Capacity: 30 ============
[	20	][	0	][	0	][	67	][	16	]
[	55	][	0	][	13	][	11	][	85	]
[	0	][	151	][	41	][	0	][	0	]
[	40	][	0	][	35	][	0	][	45	]
