Number of slots: 320
Number of events: 159
Sparseness: 0.496875

Globalit: 4644
Fitness: -4	 Created: 89554
Time: 90007ms

Initialtemperature: 43.0InitialIterations: 100Stuck limit: 2147483647Desired fitness: 0
============ Room: D1 Capacity: 200 ============
[	0	][	0	][	24	][	0	][	142	]
[	147	][	0	][	0	][	0	][	0	]
[	141	][	64	][	128	][	89	][	42	]
[	0	][	0	][	0	][	0	][	0	]
============ Room: D2 Capacity: 50 ============
[	61	][	95	][	0	][	0	][	0	]
[	0	][	123	][	0	][	0	][	0	]
[	0	][	0	][	0	][	75	][	26	]
[	0	][	0	][	27	][	99	][	0	]
============ Room: D3 Capacity: 50 ============
[	0	][	97	][	0	][	30	][	63	]
[	136	][	145	][	38	][	91	][	0	]
[	74	][	5	][	62	][	158	][	94	]
[	70	][	0	][	0	][	132	][	0	]
============ Room: D45 Capacity: 40 ============
[	0	][	96	][	31	][	28	][	0	]
[	32	][	0	][	130	][	0	][	159	]
[	29	][	0	][	0	][	133	][	144	]
[	77	][	0	][	0	][	0	][	0	]
============ Room: D46 Capacity: 40 ============
[	0	][	0	][	0	][	157	][	0	]
[	73	][	122	][	0	][	92	][	93	]
[	0	][	0	][	0	][	0	][	143	]
[	0	][	98	][	0	][	0	][	0	]
============ Room: E1 Capacity: 350 ============
[	0	][	0	][	0	][	135	][	129	]
[	0	][	88	][	60	][	0	][	0	]
[	8	][	71	][	140	][	0	][	116	]
[	1	][	72	][	0	][	0	][	134	]
============ Room: E35 Capacity: 40 ============
[	3	][	76	][	0	][	0	][	4	]
[	137	][	0	][	7	][	119	][	90	]
[	118	][	0	][	6	][	0	][	0	]
[	0	][	0	][	0	][	0	][	146	]
============ Room: E36 Capacity: 40 ============
[	0	][	0	][	0	][	0	][	0	]
[	0	][	121	][	117	][	138	][	131	]
[	0	][	69	][	37	][	0	][	0	]
[	139	][	0	][	0	][	0	][	25	]
============ Room: F1 Capacity: 300 ============
[	65	][	0	][	0	][	79	][	0	]
[	68	][	18	][	78	][	2	][	17	]
[	156	][	36	][	120	][	0	][	0	]
[	0	][	51	][	0	][	0	][	0	]
============ Room: SPEL Capacity: 40 ============
[	0	][	0	][	0	][	0	][	46	]
[	0	][	0	][	44	][	34	][	43	]
[	0	][	149	][	0	][	0	][	83	]
[	0	][	154	][	110	][	0	][	101	]
============ Room: SPOR Capacity: 30 ============
[	0	][	41	][	85	][	105	][	0	]
[	102	][	48	][	0	][	56	][	0	]
[	0	][	0	][	86	][	0	][	0	]
[	0	][	15	][	80	][	87	][	0	]
============ Room: MUSI Capacity: 40 ============
[	103	][	16	][	0	][	124	][	104	]
[	19	][	0	][	0	][	35	][	0	]
[	108	][	109	][	0	][	125	][	0	]
[	0	][	126	][	113	][	0	][	0	]
============ Room: ROD Capacity: 30 ============
[	52	][	0	][	111	][	57	][	45	]
[	12	][	0	][	0	][	0	][	0	]
[	0	][	0	][	0	][	14	][	0	]
[	114	][	11	][	54	][	10	][	0	]
============ Room: ORA Capacity: 30 ============
[	0	][	53	][	112	][	0	][	155	]
[	106	][	0	][	0	][	0	][	0	]
[	66	][	148	][	0	][	0	][	0	]
[	0	][	0	][	150	][	13	][	0	]
============ Room: VIO Capacity: 40 ============
[	0	][	39	][	84	][	107	][	0	]
[	0	][	0	][	0	][	0	][	50	]
[	0	][	49	][	0	][	0	][	9	]
[	0	][	152	][	59	][	22	][	100	]
============ Room: GRA Capacity: 30 ============
[	20	][	67	][	0	][	0	][	82	]
[	0	][	153	][	23	][	151	][	127	]
[	58	][	115	][	47	][	0	][	0	]
[	33	][	21	][	40	][	55	][	81	]
