Number of slots: 320
Number of events: 159
Sparseness: 0.496875

Generations: 3947
Fitness: -7	 Created: 78340
Time: 90023ms

Desired fitness: 0Stuck limit: 2147483647Population size: 100Selection size: 30Mutation type: NORMALP(Mutation) = 6.0%Selection type: NORMALP(Crossover) = 50.0%
============ Room: D1 Capacity: 200 ============
[	17	][	0	][	140	][	141	][	0	]
[	0	][	60	][	0	][	0	][	0	]
[	0	][	120	][	0	][	134	][	128	]
[	24	][	0	][	135	][	1	][	0	]
============ Room: D2 Capacity: 50 ============
[	61	][	136	][	0	][	123	][	0	]
[	0	][	0	][	27	][	158	][	0	]
[	0	][	0	][	0	][	0	][	0	]
[	131	][	96	][	77	][	0	][	70	]
============ Room: D3 Capacity: 50 ============
[	0	][	138	][	0	][	0	][	118	]
[	119	][	139	][	145	][	0	][	98	]
[	93	][	0	][	62	][	0	][	0	]
[	0	][	97	][	0	][	122	][	0	]
============ Room: D45 Capacity: 40 ============
[	0	][	0	][	99	][	0	][	91	]
[	26	][	74	][	159	][	0	][	0	]
[	0	][	0	][	0	][	146	][	4	]
[	0	][	0	][	28	][	92	][	73	]
============ Room: D46 Capacity: 40 ============
[	0	][	37	][	0	][	121	][	29	]
[	0	][	0	][	25	][	0	][	0	]
[	6	][	32	][	144	][	63	][	31	]
[	0	][	0	][	75	][	0	][	0	]
============ Room: E1 Capacity: 350 ============
[	89	][	79	][	0	][	0	][	78	]
[	72	][	0	][	0	][	64	][	0	]
[	68	][	71	][	18	][	0	][	0	]
[	0	][	0	][	142	][	36	][	0	]
============ Room: E35 Capacity: 40 ============
[	0	][	0	][	130	][	0	][	0	]
[	3	][	0	][	157	][	0	][	132	]
[	94	][	0	][	5	][	0	][	0	]
[	0	][	137	][	76	][	90	][	38	]
============ Room: E36 Capacity: 40 ============
[	0	][	69	][	95	][	0	][	143	]
[	0	][	0	][	0	][	0	][	7	]
[	0	][	0	][	0	][	117	][	0	]
[	133	][	0	][	30	][	0	][	0	]
============ Room: F1 Capacity: 300 ============
[	116	][	51	][	0	][	0	][	0	]
[	65	][	0	][	0	][	0	][	0	]
[	0	][	0	][	42	][	88	][	0	]
[	147	][	8	][	2	][	156	][	129	]
============ Room: SPEL Capacity: 40 ============
[	0	][	0	][	34	][	154	][	0	]
[	0	][	0	][	103	][	0	][	0	]
[	0	][	102	][	109	][	0	][	149	]
[	0	][	0	][	113	][	21	][	0	]
============ Room: SPOR Capacity: 30 ============
[	46	][	112	][	13	][	108	][	0	]
[	0	][	0	][	100	][	10	][	52	]
[	0	][	0	][	87	][	19	][	59	]
[	114	][	58	][	148	][	0	][	14	]
============ Room: MUSI Capacity: 40 ============
[	12	][	0	][	15	][	82	][	0	]
[	0	][	0	][	0	][	40	][	0	]
[	124	][	23	][	0	][	0	][	0	]
[	127	][	0	][	39	][	0	][	0	]
============ Room: ROD Capacity: 30 ============
[	49	][	0	][	11	][	153	][	150	]
[	107	][	0	][	106	][	53	][	83	]
[	152	][	44	][	86	][	56	][	67	]
[	16	][	0	][	151	][	0	][	0	]
============ Room: ORA Capacity: 30 ============
[	0	][	111	][	0	][	57	][	66	]
[	104	][	105	][	0	][	0	][	0	]
[	126	][	48	][	0	][	9	][	110	]
[	0	][	0	][	0	][	0	][	22	]
============ Room: VIO Capacity: 40 ============
[	0	][	0	][	0	][	80	][	55	]
[	0	][	125	][	50	][	0	][	84	]
[	81	][	47	][	0	][	0	][	115	]
[	54	][	0	][	45	][	0	][	155	]
============ Room: GRA Capacity: 30 ============
[	0	][	0	][	0	][	33	][	0	]
[	101	][	0	][	0	][	20	][	0	]
[	0	][	0	][	85	][	0	][	0	]
[	41	][	35	][	43	][	0	][	0	]
