Number of slots: 320
Number of events: 159
Sparseness: 0.496875

Generations: 19
Fitness: -351333	 Created: 1044
Time: 1044ms

Hard broken: 101
Desired fitness: -50
Stuck limit: 2147483647
Population size: 100
P(Mutation) = 4.0%
Time limit: 1000

============ Room: D1 Capacity: 200 ============
[	0	][	0	][	42	][	2	][	0	]
[	0	][	0	][	0	][	0	][	0	]
[	64	][	0	][	0	][	0	][	85	]
[	88	][	136	][	0	][	0	][	0	]
============ Room: D2 Capacity: 50 ============
[	0	][	0	][	0	][	157	][	0	]
[	132	][	99	][	0	][	96	][	97	]
[	0	][	0	][	0	][	0	][	0	]
[	0	][	43	][	0	][	0	][	0	]
============ Room: D3 Capacity: 50 ============
[	0	][	0	][	0	][	0	][	117	]
[	156	][	0	][	0	][	0	][	48	]
[	147	][	90	][	0	][	0	][	0	]
[	0	][	0	][	130	][	150	][	23	]
============ Room: D45 Capacity: 40 ============
[	137	][	0	][	0	][	0	][	41	]
[	0	][	0	][	31	][	148	][	0	]
[	0	][	126	][	139	][	0	][	62	]
[	25	][	82	][	0	][	49	][	0	]
============ Room: D46 Capacity: 40 ============
[	30	][	0	][	11	][	0	][	0	]
[	100	][	0	][	131	][	0	][	0	]
[	20	][	0	][	0	][	0	][	0	]
[	4	][	121	][	0	][	0	][	70	]
============ Room: E1 Capacity: 350 ============
[	0	][	0	][	107	][	0	][	72	]
[	0	][	63	][	0	][	38	][	0	]
[	0	][	6	][	0	][	134	][	0	]
[	55	][	21	][	0	][	0	][	17	]
============ Room: E35 Capacity: 40 ============
[	0	][	1	][	0	][	71	][	116	]
[	53	][	0	][	0	][	0	][	0	]
[	118	][	0	][	159	][	0	][	0	]
[	127	][	77	][	0	][	81	][	0	]
============ Room: E36 Capacity: 40 ============
[	0	][	60	][	0	][	0	][	0	]
[	0	][	0	][	0	][	0	][	16	]
[	0	][	145	][	0	][	22	][	24	]
[	0	][	138	][	79	][	35	][	5	]
============ Room: F1 Capacity: 300 ============
[	0	][	36	][	0	][	27	][	128	]
[	50	][	95	][	65	][	61	][	0	]
[	0	][	80	][	93	][	0	][	45	]
[	0	][	51	][	0	][	8	][	33	]
============ Room: SPEL Capacity: 40 ============
[	0	][	75	][	143	][	0	][	146	]
[	89	][	151	][	86	][	0	][	110	]
[	32	][	0	][	0	][	34	][	54	]
[	78	][	0	][	98	][	119	][	102	]
============ Room: SPOR Capacity: 30 ============
[	29	][	44	][	92	][	0	][	14	]
[	40	][	0	][	58	][	0	][	0	]
[	144	][	108	][	0	][	112	][	0	]
[	0	][	0	][	52	][	12	][	94	]
============ Room: MUSI Capacity: 40 ============
[	0	][	18	][	154	][	0	][	0	]
[	69	][	0	][	3	][	67	][	83	]
[	0	][	46	][	0	][	9	][	101	]
[	140	][	135	][	37	][	111	][	106	]
============ Room: ROD Capacity: 30 ============
[	152	][	0	][	91	][	104	][	7	]
[	47	][	0	][	0	][	84	][	68	]
[	0	][	0	][	115	][	0	][	133	]
[	105	][	149	][	124	][	155	][	0	]
============ Room: ORA Capacity: 30 ============
[	0	][	0	][	0	][	103	][	0	]
[	76	][	0	][	120	][	10	][	114	]
[	74	][	0	][	142	][	15	][	141	]
[	57	][	129	][	123	][	66	][	0	]
============ Room: VIO Capacity: 40 ============
[	0	][	0	][	122	][	0	][	0	]
[	73	][	87	][	0	][	109	][	158	]
[	0	][	0	][	0	][	125	][	0	]
[	0	][	0	][	56	][	28	][	0	]
============ Room: GRA Capacity: 30 ============
[	0	][	0	][	13	][	0	][	19	]
[	0	][	39	][	0	][	0	][	0	]
[	153	][	0	][	113	][	0	][	0	]
[	0	][	26	][	59	][	0	][	0	]
