Number of slots: 320
Number of events: 159
Sparseness: 0.496875

Globalit: 452
Fitness: -8131	 Created: 949
Time: 1002ms

Hard broken: 2
Initialtemperature: 0.69487
InitialIterations: 10
My value: -1.4384E-5
Stuck limit: 2147483647
Desired fitness: -50
Time limit: 1000

============ Room: D1 Capacity: 200 ============
[	0	][	17	][	0	][	135	][	0	]
[	156	][	0	][	147	][	24	][	36	]
[	0	][	0	][	0	][	129	][	64	]
[	0	][	0	][	0	][	140	][	0	]
============ Room: D2 Capacity: 50 ============
[	122	][	0	][	94	][	27	][	0	]
[	0	][	74	][	76	][	123	][	0	]
[	117	][	31	][	0	][	0	][	0	]
[	95	][	0	][	0	][	0	][	61	]
============ Room: D3 Capacity: 50 ============
[	0	][	0	][	0	][	119	][	37	]
[	38	][	29	][	5	][	73	][	96	]
[	3	][	0	][	0	][	0	][	0	]
[	131	][	0	][	30	][	0	][	26	]
============ Room: D45 Capacity: 40 ============
[	0	][	0	][	90	][	158	][	0	]
[	146	][	0	][	75	][	133	][	63	]
[	137	][	132	][	0	][	98	][	0	]
[	70	][	0	][	7	][	130	][	32	]
============ Room: D46 Capacity: 40 ============
[	0	][	0	][	0	][	0	][	0	]
[	28	][	136	][	145	][	77	][	0	]
[	0	][	0	][	143	][	0	][	0	]
[	0	][	0	][	0	][	0	][	62	]
============ Room: E1 Capacity: 350 ============
[	0	][	0	][	0	][	0	][	2	]
[	1	][	42	][	89	][	0	][	0	]
[	0	][	88	][	0	][	0	][	71	]
[	0	][	0	][	0	][	0	][	120	]
============ Room: E35 Capacity: 40 ============
[	0	][	0	][	93	][	0	][	0	]
[	0	][	138	][	0	][	0	][	97	]
[	141	][	69	][	0	][	0	][	0	]
[	99	][	6	][	139	][	25	][	0	]
============ Room: E36 Capacity: 40 ============
[	121	][	159	][	92	][	118	][	157	]
[	0	][	0	][	0	][	144	][	4	]
[	0	][	0	][	0	][	0	][	0	]
[	0	][	0	][	91	][	0	][	0	]
============ Room: F1 Capacity: 300 ============
[	0	][	134	][	72	][	0	][	60	]
[	0	][	68	][	0	][	8	][	65	]
[	18	][	79	][	0	][	0	][	0	]
[	51	][	128	][	116	][	78	][	0	]
============ Room: SPEL Capacity: 40 ============
[	102	][	0	][	16	][	10	][	82	]
[	55	][	0	][	0	][	0	][	45	]
[	0	][	0	][	114	][	0	][	44	]
[	12	][	0	][	0	][	0	][	0	]
============ Room: SPOR Capacity: 30 ============
[	0	][	106	][	153	][	0	][	0	]
[	110	][	100	][	0	][	49	][	84	]
[	151	][	53	][	15	][	0	][	22	]
[	0	][	0	][	58	][	111	][	0	]
============ Room: MUSI Capacity: 40 ============
[	33	][	107	][	48	][	87	][	85	]
[	0	][	0	][	0	][	0	][	19	]
[	56	][	0	][	0	][	0	][	20	]
[	80	][	0	][	39	][	108	][	0	]
============ Room: ROD Capacity: 30 ============
[	149	][	0	][	0	][	0	][	126	]
[	0	][	101	][	0	][	115	][	23	]
[	67	][	0	][	0	][	0	][	40	]
[	0	][	0	][	0	][	0	][	0	]
============ Room: ORA Capacity: 30 ============
[	0	][	0	][	14	][	81	][	125	]
[	54	][	0	][	0	][	150	][	0	]
[	52	][	59	][	112	][	83	][	13	]
[	0	][	0	][	41	][	127	][	0	]
============ Room: VIO Capacity: 40 ============
[	9	][	0	][	11	][	46	][	104	]
[	113	][	152	][	57	][	109	][	124	]
[	0	][	154	][	0	][	0	][	66	]
[	0	][	0	][	0	][	47	][	0	]
============ Room: GRA Capacity: 30 ============
[	105	][	35	][	43	][	142	][	0	]
[	0	][	0	][	0	][	0	][	50	]
[	0	][	0	][	155	][	86	][	148	]
[	21	][	103	][	0	][	34	][	0	]
