Number of slots: 256
Number of events: 159
Sparseness: 0.62109375

Globalit: 4049
Fitness: -4	 Created: 7209
Time: 7209ms

Hard broken: 0
Time limit: 90000
Initialtemperature: 4.3
InitialIterations: 10
My value: -6.83E-4
Stuck limit: 2147483647
Desired fitness: -4

============ Room: D1 Capacity: 200 ============
[	18	][	17	][	147	][	0	]
[	0	][	0	][	71	][	64	]
[	60	][	0	][	116	][	128	]
[	1	][	72	][	120	][	0	]
============ Room: D2 Capacity: 50 ============
[	0	][	144	][	30	][	61	]
[	73	][	0	][	158	][	38	]
[	77	][	123	][	0	][	62	]
[	118	][	0	][	90	][	136	]
============ Room: D3 Capacity: 50 ============
[	0	][	31	][	0	][	0	]
[	7	][	138	][	0	][	0	]
[	75	][	130	][	0	][	99	]
[	0	][	0	][	92	][	139	]
============ Room: D45 Capacity: 40 ============
[	122	][	70	][	37	][	146	]
[	0	][	0	][	131	][	0	]
[	74	][	0	][	25	][	96	]
[	0	][	0	][	26	][	0	]
============ Room: D46 Capacity: 40 ============
[	0	][	3	][	93	][	29	]
[	0	][	69	][	0	][	28	]
[	0	][	27	][	32	][	97	]
[	0	][	6	][	133	][	4	]
============ Room: E1 Capacity: 350 ============
[	68	][	42	][	0	][	129	]
[	156	][	0	][	0	][	2	]
[	0	][	0	][	0	][	141	]
[	89	][	142	][	0	][	140	]
============ Room: E35 Capacity: 40 ============
[	159	][	0	][	91	][	0	]
[	0	][	0	][	119	][	157	]
[	0	][	0	][	63	][	0	]
[	137	][	132	][	94	][	117	]
============ Room: E36 Capacity: 40 ============
[	98	][	0	][	0	][	145	]
[	0	][	0	][	0	][	121	]
[	0	][	143	][	5	][	95	]
[	76	][	0	][	0	][	0	]
============ Room: F1 Capacity: 300 ============
[	0	][	135	][	134	][	79	]
[	65	][	78	][	88	][	0	]
[	24	][	0	][	51	][	8	]
[	0	][	0	][	0	][	36	]
============ Room: SPEL Capacity: 40 ============
[	0	][	115	][	84	][	155	]
[	0	][	10	][	0	][	46	]
[	0	][	114	][	81	][	153	]
[	66	][	148	][	0	][	107	]
============ Room: SPOR Capacity: 30 ============
[	41	][	0	][	13	][	44	]
[	0	][	11	][	12	][	0	]
[	125	][	35	][	0	][	154	]
[	48	][	110	][	43	][	0	]
============ Room: MUSI Capacity: 40 ============
[	59	][	113	][	0	][	127	]
[	0	][	0	][	0	][	80	]
[	14	][	0	][	150	][	50	]
[	0	][	0	][	0	][	102	]
============ Room: ROD Capacity: 30 ============
[	83	][	0	][	56	][	0	]
[	109	][	0	][	9	][	85	]
[	101	][	111	][	0	][	34	]
[	0	][	23	][	0	][	104	]
============ Room: ORA Capacity: 30 ============
[	87	][	82	][	54	][	0	]
[	40	][	33	][	16	][	100	]
[	52	][	151	][	103	][	67	]
[	45	][	39	][	0	][	105	]
============ Room: VIO Capacity: 40 ============
[	0	][	0	][	58	][	126	]
[	0	][	21	][	19	][	0	]
[	55	][	108	][	106	][	152	]
[	0	][	47	][	0	][	22	]
============ Room: GRA Capacity: 30 ============
[	15	][	0	][	124	][	0	]
[	0	][	53	][	57	][	86	]
[	0	][	112	][	149	][	0	]
[	0	][	20	][	0	][	49	]
