Number of slots: 256
Number of events: 159
Sparseness: 0.62109375

Globalit: 1103
Fitness: -4	 Created: 1849
Time: 1850ms

Hard broken: 0
Time limit: 90000
Initialtemperature: 4.3
InitialIterations: 10
My value: -6.83E-4
Stuck limit: 2147483647
Desired fitness: -4

============ Room: D1 Capacity: 200 ============
[	78	][	120	][	72	][	0	]
[	51	][	2	][	0	][	42	]
[	88	][	129	][	0	][	0	]
[	1	][	89	][	141	][	79	]
============ Room: D2 Capacity: 50 ============
[	97	][	0	][	0	][	0	]
[	31	][	38	][	132	][	0	]
[	137	][	0	][	0	][	0	]
[	0	][	0	][	93	][	119	]
============ Room: D3 Capacity: 50 ============
[	28	][	0	][	0	][	139	]
[	25	][	96	][	144	][	0	]
[	158	][	7	][	0	][	145	]
[	29	][	77	][	0	][	0	]
============ Room: D45 Capacity: 40 ============
[	0	][	98	][	118	][	0	]
[	73	][	62	][	159	][	94	]
[	0	][	26	][	121	][	0	]
[	0	][	76	][	5	][	0	]
============ Room: D46 Capacity: 40 ============
[	0	][	0	][	69	][	122	]
[	32	][	95	][	0	][	92	]
[	0	][	3	][	123	][	0	]
[	30	][	0	][	37	][	131	]
============ Room: E1 Capacity: 350 ============
[	0	][	0	][	60	][	64	]
[	140	][	0	][	36	][	0	]
[	0	][	0	][	0	][	71	]
[	65	][	116	][	128	][	142	]
============ Room: E35 Capacity: 40 ============
[	0	][	0	][	146	][	70	]
[	75	][	130	][	63	][	0	]
[	0	][	0	][	157	][	4	]
[	0	][	138	][	91	][	0	]
============ Room: E36 Capacity: 40 ============
[	136	][	6	][	0	][	0	]
[	0	][	61	][	133	][	90	]
[	143	][	27	][	74	][	117	]
[	99	][	0	][	0	][	0	]
============ Room: F1 Capacity: 300 ============
[	156	][	68	][	135	][	8	]
[	134	][	0	][	0	][	17	]
[	18	][	0	][	0	][	0	]
[	147	][	24	][	0	][	0	]
============ Room: SPEL Capacity: 40 ============
[	0	][	149	][	0	][	0	]
[	0	][	84	][	57	][	0	]
[	0	][	66	][	43	][	58	]
[	0	][	0	][	0	][	103	]
============ Room: SPOR Capacity: 30 ============
[	11	][	56	][	41	][	83	]
[	15	][	125	][	21	][	86	]
[	82	][	0	][	46	][	59	]
[	0	][	67	][	0	][	148	]
============ Room: MUSI Capacity: 40 ============
[	0	][	19	][	0	][	115	]
[	108	][	23	][	102	][	150	]
[	33	][	101	][	114	][	40	]
[	0	][	12	][	0	][	14	]
============ Room: ROD Capacity: 30 ============
[	0	][	0	][	48	][	110	]
[	112	][	85	][	53	][	34	]
[	0	][	39	][	9	][	0	]
[	45	][	0	][	126	][	0	]
============ Room: ORA Capacity: 30 ============
[	0	][	22	][	13	][	0	]
[	154	][	81	][	0	][	0	]
[	50	][	104	][	47	][	55	]
[	0	][	54	][	87	][	107	]
============ Room: VIO Capacity: 40 ============
[	0	][	0	][	0	][	0	]
[	0	][	152	][	0	][	80	]
[	49	][	0	][	0	][	20	]
[	35	][	151	][	124	][	16	]
============ Room: GRA Capacity: 30 ============
[	52	][	0	][	44	][	155	]
[	109	][	153	][	106	][	10	]
[	0	][	105	][	111	][	113	]
[	127	][	0	][	0	][	100	]
