Number of slots: 256
Number of events: 159
Sparseness: 0.62109375

Globalit: 1438
Fitness: -4	 Created: 2431
Time: 2432ms

Hard broken: 0
Time limit: 90000
Initialtemperature: 4.3
InitialIterations: 10
My value: -6.83E-4
Stuck limit: 2147483647
Desired fitness: -4

============ Room: D1 Capacity: 200 ============
[	0	][	0	][	24	][	0	]
[	0	][	0	][	0	][	142	]
[	71	][	89	][	129	][	0	]
[	0	][	147	][	68	][	64	]
============ Room: D2 Capacity: 50 ============
[	0	][	96	][	0	][	5	]
[	93	][	130	][	63	][	0	]
[	145	][	0	][	0	][	0	]
[	0	][	0	][	131	][	0	]
============ Room: D3 Capacity: 50 ============
[	92	][	62	][	38	][	28	]
[	69	][	117	][	32	][	0	]
[	37	][	0	][	122	][	90	]
[	0	][	27	][	0	][	132	]
============ Room: D45 Capacity: 40 ============
[	158	][	136	][	138	][	0	]
[	0	][	61	][	4	][	76	]
[	95	][	143	][	0	][	26	]
[	133	][	0	][	0	][	0	]
============ Room: D46 Capacity: 40 ============
[	0	][	97	][	0	][	0	]
[	0	][	144	][	3	][	119	]
[	157	][	0	][	30	][	94	]
[	98	][	0	][	146	][	0	]
============ Room: E1 Capacity: 350 ============
[	135	][	0	][	0	][	134	]
[	140	][	65	][	88	][	0	]
[	0	][	78	][	0	][	8	]
[	141	][	0	][	79	][	36	]
============ Room: E35 Capacity: 40 ============
[	0	][	99	][	75	][	0	]
[	0	][	25	][	0	][	0	]
[	0	][	70	][	74	][	118	]
[	29	][	7	][	0	][	0	]
============ Room: E36 Capacity: 40 ============
[	0	][	159	][	0	][	6	]
[	0	][	31	][	139	][	73	]
[	0	][	123	][	91	][	137	]
[	0	][	77	][	0	][	121	]
============ Room: F1 Capacity: 300 ============
[	0	][	120	][	42	][	116	]
[	18	][	2	][	72	][	1	]
[	0	][	128	][	60	][	0	]
[	51	][	0	][	17	][	156	]
============ Room: SPEL Capacity: 40 ============
[	0	][	84	][	155	][	0	]
[	0	][	0	][	0	][	110	]
[	52	][	54	][	150	][	154	]
[	35	][	40	][	0	][	112	]
============ Room: SPOR Capacity: 30 ============
[	0	][	43	][	152	][	0	]
[	126	][	0	][	0	][	0	]
[	9	][	15	][	149	][	0	]
[	0	][	58	][	101	][	80	]
============ Room: MUSI Capacity: 40 ============
[	13	][	48	][	0	][	39	]
[	0	][	0	][	0	][	115	]
[	0	][	57	][	0	][	0	]
[	83	][	0	][	153	][	49	]
============ Room: ROD Capacity: 30 ============
[	0	][	0	][	124	][	0	]
[	0	][	113	][	56	][	0	]
[	59	][	0	][	47	][	50	]
[	0	][	107	][	0	][	82	]
============ Room: ORA Capacity: 30 ============
[	23	][	0	][	106	][	41	]
[	86	][	108	][	151	][	53	]
[	11	][	10	][	46	][	85	]
[	0	][	102	][	104	][	111	]
============ Room: VIO Capacity: 40 ============
[	66	][	19	][	16	][	148	]
[	0	][	87	][	22	][	0	]
[	0	][	0	][	0	][	0	]
[	81	][	127	][	44	][	109	]
============ Room: GRA Capacity: 30 ============
[	0	][	33	][	103	][	114	]
[	45	][	0	][	55	][	20	]
[	125	][	21	][	34	][	67	]
[	14	][	105	][	100	][	12	]
