Number of slots: 256
Number of events: 159
Sparseness: 0.62109375

Globalit: 2781
Fitness: -4	 Created: 5019
Time: 5019ms

Hard broken: 0
Time limit: 90000
Initialtemperature: 4.3
InitialIterations: 10
My value: -6.83E-4
Stuck limit: 2147483647
Desired fitness: -4

============ Room: D1 Capacity: 200 ============
[	18	][	0	][	0	][	0	]
[	0	][	88	][	17	][	60	]
[	72	][	42	][	140	][	0	]
[	1	][	68	][	128	][	0	]
============ Room: D2 Capacity: 50 ============
[	7	][	0	][	157	][	31	]
[	139	][	0	][	0	][	0	]
[	0	][	145	][	0	][	0	]
[	0	][	74	][	118	][	75	]
============ Room: D3 Capacity: 50 ============
[	38	][	0	][	0	][	70	]
[	158	][	63	][	117	][	0	]
[	0	][	136	][	95	][	0	]
[	0	][	0	][	0	][	90	]
============ Room: D45 Capacity: 40 ============
[	0	][	131	][	138	][	143	]
[	146	][	5	][	92	][	0	]
[	123	][	30	][	99	][	121	]
[	119	][	133	][	0	][	0	]
============ Room: D46 Capacity: 40 ============
[	76	][	37	][	73	][	96	]
[	0	][	62	][	94	][	32	]
[	26	][	137	][	97	][	3	]
[	132	][	0	][	6	][	0	]
============ Room: E1 Capacity: 350 ============
[	0	][	0	][	0	][	0	]
[	89	][	116	][	142	][	135	]
[	134	][	0	][	156	][	141	]
[	0	][	24	][	36	][	8	]
============ Room: E35 Capacity: 40 ============
[	0	][	0	][	0	][	25	]
[	4	][	0	][	69	][	144	]
[	27	][	29	][	98	][	0	]
[	0	][	0	][	0	][	61	]
============ Room: E36 Capacity: 40 ============
[	91	][	77	][	159	][	0	]
[	0	][	28	][	130	][	0	]
[	0	][	0	][	0	][	122	]
[	0	][	0	][	0	][	93	]
============ Room: F1 Capacity: 300 ============
[	0	][	2	][	0	][	120	]
[	0	][	78	][	0	][	71	]
[	65	][	64	][	129	][	79	]
[	0	][	51	][	147	][	0	]
============ Room: SPEL Capacity: 40 ============
[	150	][	109	][	49	][	152	]
[	44	][	149	][	59	][	124	]
[	50	][	0	][	35	][	46	]
[	58	][	114	][	86	][	56	]
============ Room: SPOR Capacity: 30 ============
[	0	][	0	][	105	][	11	]
[	45	][	0	][	0	][	10	]
[	101	][	80	][	0	][	113	]
[	23	][	16	][	0	][	148	]
============ Room: MUSI Capacity: 40 ============
[	0	][	20	][	66	][	0	]
[	67	][	43	][	53	][	0	]
[	0	][	41	][	22	][	0	]
[	83	][	9	][	0	][	34	]
============ Room: ROD Capacity: 30 ============
[	126	][	115	][	14	][	0	]
[	85	][	47	][	0	][	100	]
[	104	][	106	][	0	][	153	]
[	0	][	154	][	57	][	52	]
============ Room: ORA Capacity: 30 ============
[	125	][	111	][	0	][	0	]
[	33	][	151	][	0	][	15	]
[	155	][	82	][	0	][	0	]
[	84	][	112	][	0	][	0	]
============ Room: VIO Capacity: 40 ============
[	0	][	0	][	102	][	55	]
[	0	][	0	][	13	][	19	]
[	103	][	39	][	81	][	48	]
[	107	][	12	][	87	][	21	]
============ Room: GRA Capacity: 30 ============
[	0	][	110	][	0	][	0	]
[	0	][	0	][	0	][	127	]
[	0	][	40	][	0	][	108	]
[	0	][	0	][	0	][	54	]
