Number of slots: 256
Number of events: 159
Sparseness: 0.62109375

Globalit: 1373
Fitness: -4	 Created: 2323
Time: 2323ms

Hard broken: 0
Time limit: 90000
Initialtemperature: 4.3
InitialIterations: 10
My value: -6.83E-4
Stuck limit: 2147483647
Desired fitness: -4

============ Room: D1 Capacity: 200 ============
[	0	][	0	][	0	][	18	]
[	89	][	0	][	0	][	147	]
[	24	][	0	][	0	][	0	]
[	141	][	17	][	0	][	64	]
============ Room: D2 Capacity: 50 ============
[	143	][	0	][	0	][	0	]
[	0	][	7	][	91	][	137	]
[	0	][	76	][	0	][	99	]
[	0	][	0	][	0	][	0	]
============ Room: D3 Capacity: 50 ============
[	0	][	122	][	0	][	0	]
[	3	][	0	][	92	][	145	]
[	0	][	96	][	0	][	0	]
[	0	][	73	][	62	][	157	]
============ Room: D45 Capacity: 40 ============
[	119	][	4	][	0	][	0	]
[	132	][	0	][	0	][	28	]
[	131	][	144	][	146	][	69	]
[	30	][	61	][	29	][	118	]
============ Room: D46 Capacity: 40 ============
[	0	][	0	][	139	][	130	]
[	0	][	0	][	0	][	138	]
[	90	][	37	][	158	][	97	]
[	121	][	0	][	133	][	159	]
============ Room: E1 Capacity: 350 ============
[	51	][	140	][	0	][	120	]
[	0	][	116	][	65	][	36	]
[	0	][	135	][	60	][	134	]
[	0	][	0	][	142	][	88	]
============ Room: E35 Capacity: 40 ============
[	27	][	93	][	0	][	95	]
[	0	][	6	][	38	][	0	]
[	63	][	74	][	26	][	98	]
[	31	][	0	][	77	][	0	]
============ Room: E36 Capacity: 40 ============
[	136	][	0	][	0	][	0	]
[	0	][	0	][	94	][	5	]
[	0	][	25	][	0	][	70	]
[	32	][	123	][	75	][	117	]
============ Room: F1 Capacity: 300 ============
[	71	][	128	][	2	][	79	]
[	68	][	78	][	129	][	0	]
[	156	][	0	][	0	][	0	]
[	1	][	8	][	42	][	72	]
============ Room: SPEL Capacity: 40 ============
[	0	][	87	][	85	][	0	]
[	127	][	109	][	0	][	0	]
[	0	][	0	][	0	][	0	]
[	66	][	0	][	0	][	56	]
============ Room: SPOR Capacity: 30 ============
[	101	][	0	][	33	][	45	]
[	0	][	113	][	0	][	114	]
[	124	][	0	][	108	][	13	]
[	0	][	115	][	0	][	0	]
============ Room: MUSI Capacity: 40 ============
[	0	][	53	][	152	][	16	]
[	41	][	151	][	125	][	47	]
[	49	][	153	][	111	][	20	]
[	0	][	0	][	0	][	40	]
============ Room: ROD Capacity: 30 ============
[	150	][	55	][	0	][	155	]
[	149	][	0	][	84	][	0	]
[	50	][	0	][	0	][	83	]
[	106	][	0	][	105	][	0	]
============ Room: ORA Capacity: 30 ============
[	9	][	21	][	43	][	0	]
[	81	][	39	][	59	][	110	]
[	11	][	0	][	0	][	34	]
[	102	][	54	][	10	][	52	]
============ Room: VIO Capacity: 40 ============
[	15	][	86	][	19	][	46	]
[	0	][	148	][	23	][	82	]
[	0	][	154	][	0	][	0	]
[	100	][	112	][	104	][	0	]
============ Room: GRA Capacity: 30 ============
[	103	][	58	][	80	][	35	]
[	126	][	48	][	12	][	44	]
[	0	][	57	][	14	][	22	]
[	0	][	67	][	107	][	0	]
