Number of slots: 256
Number of events: 159
Sparseness: 0.62109375

Globalit: 1740
Fitness: -4	 Created: 2914
Time: 2915ms

Hard broken: 0
Time limit: 90000
Initialtemperature: 4.3
InitialIterations: 10
My value: -6.83E-4
Stuck limit: 2147483647
Desired fitness: -4

============ Room: D1 Capacity: 200 ============
[	0	][	0	][	0	][	0	]
[	0	][	78	][	42	][	8	]
[	0	][	0	][	156	][	0	]
[	36	][	0	][	60	][	79	]
============ Room: D2 Capacity: 50 ============
[	0	][	0	][	38	][	0	]
[	74	][	0	][	30	][	27	]
[	0	][	130	][	0	][	0	]
[	0	][	93	][	0	][	157	]
============ Room: D3 Capacity: 50 ============
[	76	][	96	][	0	][	131	]
[	0	][	123	][	158	][	121	]
[	146	][	97	][	0	][	0	]
[	75	][	138	][	26	][	144	]
============ Room: D45 Capacity: 40 ============
[	32	][	98	][	37	][	0	]
[	73	][	95	][	28	][	0	]
[	94	][	31	][	63	][	4	]
[	0	][	0	][	0	][	0	]
============ Room: D46 Capacity: 40 ============
[	3	][	99	][	0	][	0	]
[	25	][	0	][	159	][	92	]
[	91	][	117	][	0	][	0	]
[	70	][	122	][	0	][	61	]
============ Room: E1 Capacity: 350 ============
[	0	][	140	][	142	][	0	]
[	51	][	65	][	72	][	0	]
[	68	][	71	][	0	][	88	]
[	128	][	2	][	147	][	0	]
============ Room: E35 Capacity: 40 ============
[	136	][	62	][	0	][	0	]
[	0	][	139	][	6	][	0	]
[	90	][	119	][	0	][	145	]
[	5	][	0	][	69	][	132	]
============ Room: E36 Capacity: 40 ============
[	0	][	29	][	137	][	0	]
[	0	][	143	][	118	][	0	]
[	0	][	0	][	0	][	7	]
[	77	][	0	][	0	][	133	]
============ Room: F1 Capacity: 300 ============
[	116	][	134	][	1	][	120	]
[	0	][	17	][	135	][	129	]
[	24	][	141	][	0	][	64	]
[	89	][	0	][	0	][	18	]
============ Room: SPEL Capacity: 40 ============
[	112	][	124	][	43	][	83	]
[	15	][	58	][	102	][	82	]
[	151	][	0	][	125	][	33	]
[	0	][	150	][	103	][	0	]
============ Room: SPOR Capacity: 30 ============
[	55	][	0	][	0	][	0	]
[	9	][	0	][	0	][	155	]
[	0	][	0	][	23	][	154	]
[	0	][	87	][	16	][	127	]
============ Room: MUSI Capacity: 40 ============
[	56	][	39	][	0	][	86	]
[	113	][	0	][	104	][	0	]
[	80	][	44	][	126	][	0	]
[	0	][	0	][	46	][	53	]
============ Room: ROD Capacity: 30 ============
[	66	][	45	][	108	][	19	]
[	114	][	34	][	107	][	81	]
[	54	][	0	][	50	][	0	]
[	0	][	0	][	101	][	0	]
============ Room: ORA Capacity: 30 ============
[	0	][	0	][	49	][	110	]
[	0	][	13	][	100	][	0	]
[	85	][	0	][	106	][	152	]
[	20	][	0	][	0	][	0	]
============ Room: VIO Capacity: 40 ============
[	109	][	0	][	0	][	0	]
[	0	][	0	][	105	][	59	]
[	52	][	11	][	67	][	153	]
[	47	][	35	][	40	][	10	]
============ Room: GRA Capacity: 30 ============
[	111	][	48	][	22	][	115	]
[	148	][	0	][	41	][	57	]
[	0	][	149	][	14	][	0	]
[	21	][	84	][	12	][	0	]
