Number of slots: 256
Number of events: 159
Sparseness: 0.62109375

Globalit: 1581
Fitness: -4	 Created: 2642
Time: 2642ms

Hard broken: 0
Time limit: 90000
Initialtemperature: 4.3
InitialIterations: 10
My value: -6.83E-4
Stuck limit: 2147483647
Desired fitness: -4

============ Room: D1 Capacity: 200 ============
[	0	][	68	][	17	][	156	]
[	18	][	60	][	0	][	0	]
[	79	][	78	][	116	][	8	]
[	0	][	0	][	65	][	1	]
============ Room: D2 Capacity: 50 ============
[	0	][	0	][	133	][	0	]
[	139	][	0	][	0	][	74	]
[	97	][	0	][	158	][	25	]
[	0	][	38	][	5	][	76	]
============ Room: D3 Capacity: 50 ============
[	144	][	0	][	0	][	0	]
[	0	][	0	][	132	][	123	]
[	119	][	95	][	0	][	0	]
[	0	][	90	][	0	][	0	]
============ Room: D45 Capacity: 40 ============
[	7	][	62	][	32	][	137	]
[	159	][	37	][	0	][	0	]
[	0	][	98	][	92	][	138	]
[	122	][	94	][	6	][	0	]
============ Room: D46 Capacity: 40 ============
[	75	][	29	][	73	][	0	]
[	0	][	130	][	93	][	77	]
[	0	][	99	][	69	][	157	]
[	31	][	0	][	0	][	0	]
============ Room: E1 Capacity: 350 ============
[	0	][	88	][	0	][	0	]
[	36	][	0	][	24	][	0	]
[	0	][	0	][	141	][	64	]
[	142	][	0	][	0	][	42	]
============ Room: E35 Capacity: 40 ============
[	61	][	0	][	146	][	27	]
[	0	][	0	][	0	][	143	]
[	70	][	0	][	0	][	26	]
[	121	][	0	][	0	][	0	]
============ Room: E36 Capacity: 40 ============
[	30	][	0	][	0	][	117	]
[	0	][	91	][	145	][	4	]
[	96	][	136	][	63	][	0	]
[	131	][	118	][	3	][	28	]
============ Room: F1 Capacity: 300 ============
[	135	][	72	][	147	][	89	]
[	0	][	51	][	120	][	129	]
[	0	][	0	][	128	][	0	]
[	71	][	2	][	140	][	134	]
============ Room: SPEL Capacity: 40 ============
[	0	][	0	][	0	][	34	]
[	0	][	12	][	14	][	0	]
[	0	][	148	][	20	][	0	]
[	0	][	0	][	152	][	0	]
============ Room: SPOR Capacity: 30 ============
[	124	][	0	][	0	][	85	]
[	44	][	23	][	67	][	19	]
[	150	][	0	][	22	][	87	]
[	101	][	46	][	58	][	110	]
============ Room: MUSI Capacity: 40 ============
[	127	][	0	][	0	][	11	]
[	0	][	126	][	0	][	41	]
[	45	][	16	][	83	][	33	]
[	0	][	82	][	39	][	109	]
============ Room: ROD Capacity: 30 ============
[	0	][	53	][	113	][	86	]
[	105	][	0	][	43	][	0	]
[	47	][	54	][	9	][	0	]
[	0	][	84	][	107	][	115	]
============ Room: ORA Capacity: 30 ============
[	106	][	52	][	112	][	0	]
[	0	][	153	][	0	][	151	]
[	0	][	56	][	0	][	57	]
[	0	][	0	][	125	][	149	]
============ Room: VIO Capacity: 40 ============
[	104	][	59	][	0	][	0	]
[	102	][	0	][	154	][	108	]
[	21	][	0	][	49	][	66	]
[	100	][	0	][	155	][	111	]
============ Room: GRA Capacity: 30 ============
[	55	][	10	][	0	][	13	]
[	103	][	0	][	0	][	40	]
[	0	][	15	][	81	][	114	]
[	50	][	48	][	80	][	35	]
