Number of slots: 256
Number of events: 159
Sparseness: 0.62109375

Globalit: 1859
Fitness: -4	 Created: 3151
Time: 3152ms

Hard broken: 0
Time limit: 90000
Initialtemperature: 4.3
InitialIterations: 10
My value: -6.83E-4
Stuck limit: 2147483647
Desired fitness: -4

============ Room: D1 Capacity: 200 ============
[	0	][	0	][	142	][	0	]
[	64	][	88	][	140	][	8	]
[	17	][	0	][	120	][	36	]
[	42	][	156	][	18	][	0	]
============ Room: D2 Capacity: 50 ============
[	0	][	133	][	0	][	0	]
[	38	][	62	][	0	][	117	]
[	0	][	159	][	0	][	119	]
[	145	][	0	][	0	][	0	]
============ Room: D3 Capacity: 50 ============
[	94	][	0	][	0	][	0	]
[	0	][	0	][	0	][	118	]
[	157	][	131	][	28	][	96	]
[	0	][	93	][	0	][	0	]
============ Room: D45 Capacity: 40 ============
[	77	][	0	][	122	][	0	]
[	5	][	0	][	37	][	0	]
[	70	][	0	][	138	][	0	]
[	139	][	0	][	31	][	0	]
============ Room: D46 Capacity: 40 ============
[	63	][	75	][	0	][	99	]
[	0	][	6	][	61	][	27	]
[	123	][	25	][	146	][	143	]
[	0	][	92	][	0	][	158	]
============ Room: E1 Capacity: 350 ============
[	141	][	116	][	135	][	0	]
[	0	][	0	][	0	][	147	]
[	0	][	0	][	0	][	51	]
[	0	][	68	][	65	][	89	]
============ Room: E35 Capacity: 40 ============
[	0	][	97	][	32	][	3	]
[	26	][	30	][	130	][	73	]
[	0	][	144	][	7	][	95	]
[	0	][	0	][	74	][	0	]
============ Room: E36 Capacity: 40 ============
[	91	][	98	][	121	][	0	]
[	69	][	137	][	4	][	76	]
[	0	][	0	][	0	][	0	]
[	90	][	132	][	136	][	29	]
============ Room: F1 Capacity: 300 ============
[	1	][	0	][	71	][	0	]
[	129	][	0	][	24	][	128	]
[	0	][	72	][	78	][	134	]
[	79	][	2	][	60	][	0	]
============ Room: SPEL Capacity: 40 ============
[	0	][	0	][	9	][	35	]
[	85	][	48	][	0	][	44	]
[	14	][	0	][	104	][	0	]
[	0	][	0	][	0	][	11	]
============ Room: SPOR Capacity: 30 ============
[	57	][	50	][	54	][	55	]
[	114	][	0	][	0	][	39	]
[	105	][	106	][	41	][	19	]
[	0	][	21	][	153	][	0	]
============ Room: MUSI Capacity: 40 ============
[	0	][	12	][	0	][	151	]
[	0	][	49	][	115	][	0	]
[	56	][	0	][	0	][	13	]
[	0	][	0	][	108	][	0	]
============ Room: ROD Capacity: 30 ============
[	154	][	0	][	148	][	0	]
[	127	][	86	][	149	][	103	]
[	59	][	66	][	40	][	0	]
[	0	][	81	][	0	][	34	]
============ Room: ORA Capacity: 30 ============
[	0	][	16	][	67	][	87	]
[	109	][	155	][	43	][	0	]
[	83	][	33	][	0	][	23	]
[	22	][	82	][	112	][	15	]
============ Room: VIO Capacity: 40 ============
[	53	][	46	][	0	][	20	]
[	150	][	124	][	45	][	0	]
[	0	][	102	][	107	][	0	]
[	0	][	47	][	110	][	58	]
============ Room: GRA Capacity: 30 ============
[	152	][	0	][	100	][	84	]
[	0	][	80	][	111	][	0	]
[	52	][	0	][	101	][	0	]
[	10	][	126	][	113	][	125	]
