Number of slots: 320
Number of events: 159
Sparseness: 0.496875

Globalit: 4170
Fitness: -4	 Created: 8100
Time: 8102ms

Hard broken: 0
Time limit: 90000
Initialtemperature: 4.3
InitialIterations: 10
My value: -6.83E-4
Stuck limit: 2147483647
Desired fitness: -4

============ Room: D1 Capacity: 200 ============
[	0	][	71	][	8	][	1	][	0	]
[	0	][	0	][	120	][	79	][	0	]
[	78	][	135	][	2	][	0	][	129	]
[	0	][	18	][	64	][	0	][	17	]
============ Room: D2 Capacity: 50 ============
[	132	][	0	][	0	][	0	][	26	]
[	0	][	95	][	76	][	0	][	0	]
[	70	][	0	][	0	][	138	][	0	]
[	0	][	0	][	0	][	0	][	37	]
============ Room: D3 Capacity: 50 ============
[	73	][	143	][	30	][	93	][	0	]
[	0	][	99	][	0	][	159	][	4	]
[	0	][	0	][	0	][	97	][	98	]
[	0	][	6	][	0	][	158	][	38	]
============ Room: D45 Capacity: 40 ============
[	96	][	0	][	0	][	144	][	0	]
[	0	][	0	][	63	][	0	][	0	]
[	0	][	7	][	77	][	0	][	69	]
[	62	][	3	][	0	][	119	][	0	]
============ Room: D46 Capacity: 40 ============
[	0	][	121	][	90	][	92	][	0	]
[	136	][	0	][	0	][	0	][	0	]
[	0	][	91	][	74	][	0	][	28	]
[	0	][	123	][	5	][	0	][	61	]
============ Room: E1 Capacity: 350 ============
[	0	][	51	][	116	][	0	][	88	]
[	0	][	128	][	89	][	0	][	141	]
[	0	][	0	][	0	][	142	][	0	]
[	72	][	0	][	0	][	0	][	0	]
============ Room: E35 Capacity: 40 ============
[	0	][	0	][	131	][	130	][	0	]
[	0	][	117	][	0	][	157	][	0	]
[	0	][	118	][	0	][	0	][	0	]
[	27	][	0	][	139	][	75	][	145	]
============ Room: E36 Capacity: 40 ============
[	0	][	122	][	0	][	0	][	0	]
[	146	][	0	][	0	][	0	][	0	]
[	0	][	94	][	25	][	32	][	29	]
[	0	][	133	][	137	][	31	][	0	]
============ Room: F1 Capacity: 300 ============
[	0	][	0	][	0	][	147	][	42	]
[	0	][	140	][	68	][	60	][	134	]
[	156	][	0	][	0	][	24	][	0	]
[	65	][	36	][	0	][	0	][	0	]
============ Room: SPEL Capacity: 40 ============
[	57	][	21	][	0	][	0	][	16	]
[	151	][	19	][	0	][	48	][	50	]
[	127	][	150	][	0	][	0	][	0	]
[	0	][	52	][	23	][	111	][	153	]
============ Room: SPOR Capacity: 30 ============
[	0	][	0	][	0	][	0	][	86	]
[	125	][	84	][	40	][	0	][	100	]
[	41	][	55	][	126	][	13	][	49	]
[	0	][	0	][	58	][	0	][	112	]
============ Room: MUSI Capacity: 40 ============
[	0	][	0	][	0	][	0	][	85	]
[	0	][	0	][	9	][	109	][	105	]
[	0	][	0	][	108	][	66	][	80	]
[	0	][	0	][	0	][	0	][	47	]
============ Room: ROD Capacity: 30 ============
[	0	][	0	][	0	][	0	][	83	]
[	149	][	44	][	56	][	11	][	0	]
[	103	][	35	][	0	][	0	][	0	]
[	0	][	106	][	0	][	114	][	46	]
============ Room: ORA Capacity: 30 ============
[	10	][	101	][	45	][	22	][	15	]
[	0	][	0	][	0	][	110	][	107	]
[	0	][	0	][	39	][	0	][	152	]
[	0	][	53	][	87	][	113	][	0	]
============ Room: VIO Capacity: 40 ============
[	59	][	0	][	0	][	0	][	81	]
[	0	][	20	][	0	][	67	][	0	]
[	0	][	82	][	0	][	0	][	155	]
[	0	][	102	][	104	][	0	][	115	]
============ Room: GRA Capacity: 30 ============
[	33	][	0	][	0	][	0	][	12	]
[	0	][	0	][	154	][	34	][	148	]
[	124	][	0	][	0	][	54	][	43	]
[	0	][	0	][	0	][	14	][	0	]
