Number of slots: 320
Number of events: 159
Sparseness: 0.496875

Globalit: 1854
Fitness: -4	 Created: 3667
Time: 3668ms

Hard broken: 0
Time limit: 90000
Initialtemperature: 4.3
InitialIterations: 10
My value: -6.83E-4
Stuck limit: 2147483647
Desired fitness: -4

============ Room: D1 Capacity: 200 ============
[	0	][	42	][	0	][	0	][	0	]
[	0	][	0	][	65	][	0	][	0	]
[	0	][	78	][	116	][	0	][	79	]
[	0	][	0	][	0	][	0	][	0	]
============ Room: D2 Capacity: 50 ============
[	139	][	0	][	118	][	0	][	0	]
[	93	][	0	][	0	][	0	][	90	]
[	158	][	0	][	0	][	0	][	121	]
[	91	][	27	][	92	][	0	][	138	]
============ Room: D3 Capacity: 50 ============
[	0	][	4	][	0	][	69	][	0	]
[	0	][	0	][	77	][	0	][	0	]
[	0	][	159	][	0	][	137	][	0	]
[	0	][	0	][	0	][	0	][	0	]
============ Room: D45 Capacity: 40 ============
[	0	][	119	][	31	][	37	][	0	]
[	0	][	0	][	144	][	0	][	0	]
[	0	][	61	][	145	][	0	][	0	]
[	0	][	0	][	0	][	38	][	146	]
============ Room: D46 Capacity: 40 ============
[	0	][	0	][	0	][	5	][	130	]
[	70	][	0	][	0	][	0	][	0	]
[	29	][	25	][	97	][	28	][	63	]
[	26	][	74	][	0	][	76	][	136	]
============ Room: E1 Capacity: 350 ============
[	0	][	141	][	0	][	24	][	0	]
[	120	][	128	][	8	][	142	][	0	]
[	0	][	134	][	0	][	0	][	1	]
[	72	][	0	][	0	][	135	][	51	]
============ Room: E35 Capacity: 40 ============
[	98	][	96	][	131	][	0	][	0	]
[	94	][	0	][	0	][	132	][	0	]
[	0	][	157	][	95	][	6	][	0	]
[	0	][	0	][	133	][	0	][	0	]
============ Room: E36 Capacity: 40 ============
[	143	][	99	][	3	][	0	][	122	]
[	30	][	0	][	0	][	0	][	7	]
[	62	][	0	][	32	][	0	][	0	]
[	117	][	73	][	75	][	0	][	123	]
============ Room: F1 Capacity: 300 ============
[	0	][	147	][	156	][	129	][	0	]
[	2	][	68	][	88	][	18	][	17	]
[	89	][	140	][	64	][	0	][	0	]
[	0	][	0	][	36	][	60	][	71	]
============ Room: SPEL Capacity: 40 ============
[	0	][	81	][	0	][	150	][	33	]
[	0	][	149	][	59	][	0	][	84	]
[	14	][	55	][	0	][	124	][	113	]
[	52	][	107	][	16	][	108	][	106	]
============ Room: SPOR Capacity: 30 ============
[	0	][	87	][	46	][	125	][	86	]
[	0	][	0	][	0	][	58	][	0	]
[	0	][	67	][	153	][	49	][	152	]
[	0	][	54	][	155	][	12	][	105	]
============ Room: MUSI Capacity: 40 ============
[	66	][	0	][	114	][	0	][	80	]
[	0	][	45	][	0	][	56	][	0	]
[	10	][	0	][	0	][	111	][	0	]
[	0	][	0	][	0	][	148	][	102	]
============ Room: ROD Capacity: 30 ============
[	21	][	0	][	83	][	151	][	0	]
[	0	][	22	][	0	][	100	][	40	]
[	41	][	109	][	0	][	39	][	115	]
[	0	][	104	][	0	][	0	][	0	]
============ Room: ORA Capacity: 30 ============
[	0	][	0	][	0	][	0	][	0	]
[	0	][	20	][	19	][	101	][	0	]
[	126	][	53	][	9	][	0	][	50	]
[	0	][	13	][	0	][	0	][	0	]
============ Room: VIO Capacity: 40 ============
[	85	][	35	][	43	][	0	][	0	]
[	0	][	103	][	0	][	0	][	0	]
[	0	][	34	][	0	][	0	][	0	]
[	11	][	0	][	127	][	110	][	23	]
============ Room: GRA Capacity: 30 ============
[	44	][	0	][	112	][	0	][	82	]
[	0	][	48	][	0	][	0	][	0	]
[	0	][	0	][	47	][	0	][	154	]
[	15	][	0	][	57	][	0	][	0	]
