Number of slots: 320
Number of events: 159
Sparseness: 0.496875

Globalit: 6583
Fitness: -4	 Created: 12825
Time: 12826ms

Hard broken: 0
Time limit: 90000
Initialtemperature: 4.3
InitialIterations: 10
My value: -6.83E-4
Stuck limit: 2147483647
Desired fitness: -4

============ Room: D1 Capacity: 200 ============
[	36	][	116	][	120	][	64	][	0	]
[	0	][	0	][	79	][	0	][	156	]
[	68	][	140	][	0	][	0	][	0	]
[	0	][	8	][	78	][	0	][	0	]
============ Room: D2 Capacity: 50 ============
[	26	][	62	][	0	][	0	][	75	]
[	92	][	0	][	122	][	133	][	138	]
[	32	][	0	][	0	][	0	][	146	]
[	0	][	0	][	0	][	0	][	30	]
============ Room: D3 Capacity: 50 ============
[	0	][	0	][	0	][	130	][	0	]
[	0	][	0	][	4	][	96	][	0	]
[	131	][	0	][	0	][	136	][	145	]
[	0	][	97	][	5	][	0	][	0	]
============ Room: D45 Capacity: 40 ============
[	0	][	0	][	63	][	0	][	28	]
[	90	][	0	][	157	][	118	][	0	]
[	0	][	99	][	137	][	0	][	0	]
[	0	][	117	][	29	][	119	][	0	]
============ Room: D46 Capacity: 40 ============
[	61	][	74	][	38	][	132	][	0	]
[	0	][	123	][	0	][	0	][	31	]
[	144	][	98	][	0	][	3	][	0	]
[	121	][	0	][	0	][	0	][	0	]
============ Room: E1 Capacity: 350 ============
[	134	][	18	][	1	][	17	][	0	]
[	2	][	0	][	135	][	0	][	89	]
[	72	][	0	][	0	][	0	][	0	]
[	88	][	141	][	60	][	147	][	128	]
============ Room: E35 Capacity: 40 ============
[	93	][	0	][	0	][	76	][	77	]
[	0	][	0	][	0	][	0	][	0	]
[	95	][	159	][	25	][	0	][	0	]
[	139	][	69	][	7	][	0	][	70	]
============ Room: E36 Capacity: 40 ============
[	6	][	0	][	0	][	158	][	0	]
[	0	][	73	][	27	][	143	][	0	]
[	0	][	0	][	0	][	91	][	0	]
[	37	][	0	][	0	][	0	][	94	]
============ Room: F1 Capacity: 300 ============
[	0	][	65	][	0	][	142	][	0	]
[	0	][	0	][	0	][	0	][	0	]
[	0	][	71	][	0	][	24	][	0	]
[	51	][	42	][	0	][	129	][	0	]
============ Room: SPEL Capacity: 40 ============
[	0	][	104	][	0	][	108	][	39	]
[	0	][	112	][	0	][	55	][	0	]
[	0	][	16	][	56	][	0	][	100	]
[	23	][	0	][	0	][	0	][	0	]
============ Room: SPOR Capacity: 30 ============
[	45	][	0	][	44	][	111	][	40	]
[	81	][	0	][	0	][	0	][	124	]
[	0	][	0	][	114	][	58	][	106	]
[	150	][	148	][	66	][	49	][	0	]
============ Room: MUSI Capacity: 40 ============
[	85	][	103	][	151	][	0	][	48	]
[	33	][	67	][	109	][	87	][	10	]
[	0	][	12	][	59	][	0	][	21	]
[	0	][	0	][	0	][	84	][	83	]
============ Room: ROD Capacity: 30 ============
[	46	][	101	][	0	][	0	][	0	]
[	47	][	154	][	50	][	0	][	0	]
[	22	][	11	][	0	][	149	][	0	]
[	0	][	0	][	153	][	102	][	152	]
============ Room: ORA Capacity: 30 ============
[	0	][	0	][	0	][	0	][	0	]
[	0	][	34	][	110	][	0	][	0	]
[	0	][	15	][	0	][	0	][	0	]
[	0	][	0	][	0	][	20	][	80	]
============ Room: VIO Capacity: 40 ============
[	127	][	0	][	105	][	126	][	0	]
[	86	][	19	][	0	][	0	][	125	]
[	13	][	0	][	54	][	82	][	0	]
[	0	][	0	][	155	][	107	][	53	]
============ Room: GRA Capacity: 30 ============
[	0	][	0	][	43	][	14	][	113	]
[	0	][	0	][	115	][	0	][	52	]
[	0	][	0	][	0	][	41	][	9	]
[	0	][	0	][	57	][	0	][	35	]
