Number of slots: 320
Number of events: 159
Sparseness: 0.496875

Globalit: 2254
Fitness: -4	 Created: 4548
Time: 4548ms

Hard broken: 0
Time limit: 90000
Initialtemperature: 4.3
InitialIterations: 10
My value: -6.83E-4
Stuck limit: 2147483647
Desired fitness: -4

============ Room: D1 Capacity: 200 ============
[	0	][	0	][	142	][	0	][	0	]
[	51	][	89	][	2	][	88	][	0	]
[	0	][	129	][	8	][	0	][	0	]
[	0	][	0	][	0	][	0	][	141	]
============ Room: D2 Capacity: 50 ============
[	6	][	0	][	122	][	0	][	0	]
[	70	][	0	][	0	][	0	][	90	]
[	75	][	0	][	28	][	0	][	0	]
[	0	][	31	][	0	][	97	][	0	]
============ Room: D3 Capacity: 50 ============
[	5	][	7	][	0	][	0	][	74	]
[	131	][	0	][	0	][	0	][	159	]
[	0	][	0	][	0	][	117	][	25	]
[	0	][	76	][	139	][	0	][	132	]
============ Room: D45 Capacity: 40 ============
[	143	][	3	][	0	][	0	][	119	]
[	0	][	0	][	27	][	133	][	157	]
[	0	][	0	][	77	][	0	][	0	]
[	0	][	0	][	0	][	99	][	0	]
============ Room: D46 Capacity: 40 ============
[	118	][	0	][	0	][	62	][	0	]
[	96	][	138	][	0	][	0	][	63	]
[	69	][	98	][	136	][	130	][	123	]
[	4	][	121	][	0	][	145	][	32	]
============ Room: E1 Capacity: 350 ============
[	64	][	0	][	17	][	68	][	18	]
[	156	][	0	][	134	][	0	][	0	]
[	120	][	0	][	116	][	0	][	0	]
[	135	][	0	][	0	][	71	][	0	]
============ Room: E35 Capacity: 40 ============
[	146	][	38	][	0	][	26	][	0	]
[	29	][	0	][	91	][	0	][	93	]
[	0	][	0	][	61	][	144	][	0	]
[	0	][	30	][	0	][	0	][	0	]
============ Room: E36 Capacity: 40 ============
[	0	][	137	][	92	][	0	][	0	]
[	0	][	0	][	0	][	0	][	94	]
[	0	][	0	][	158	][	0	][	37	]
[	95	][	0	][	73	][	0	][	0	]
============ Room: F1 Capacity: 300 ============
[	24	][	0	][	147	][	0	][	0	]
[	36	][	1	][	78	][	0	][	140	]
[	60	][	42	][	65	][	0	][	0	]
[	79	][	128	][	0	][	0	][	72	]
============ Room: SPEL Capacity: 40 ============
[	81	][	0	][	34	][	57	][	112	]
[	0	][	46	][	56	][	83	][	0	]
[	101	][	151	][	0	][	103	][	107	]
[	0	][	0	][	16	][	53	][	125	]
============ Room: SPOR Capacity: 30 ============
[	0	][	106	][	82	][	100	][	0	]
[	0	][	0	][	52	][	80	][	126	]
[	105	][	0	][	41	][	23	][	54	]
[	0	][	0	][	111	][	148	][	67	]
============ Room: MUSI Capacity: 40 ============
[	66	][	0	][	0	][	0	][	152	]
[	0	][	85	][	0	][	0	][	43	]
[	12	][	15	][	0	][	44	][	55	]
[	49	][	48	][	10	][	0	][	113	]
============ Room: ROD Capacity: 30 ============
[	104	][	0	][	0	][	0	][	0	]
[	124	][	20	][	59	][	0	][	0	]
[	40	][	0	][	0	][	153	][	0	]
[	45	][	149	][	114	][	0	][	0	]
============ Room: ORA Capacity: 30 ============
[	0	][	50	][	0	][	0	][	0	]
[	0	][	0	][	155	][	127	][	13	]
[	39	][	0	][	0	][	11	][	0	]
[	22	][	115	][	150	][	0	][	0	]
============ Room: VIO Capacity: 40 ============
[	84	][	86	][	14	][	0	][	33	]
[	0	][	0	][	0	][	0	][	0	]
[	0	][	0	][	0	][	0	][	0	]
[	154	][	0	][	109	][	0	][	0	]
============ Room: GRA Capacity: 30 ============
[	0	][	0	][	58	][	0	][	108	]
[	9	][	0	][	0	][	19	][	0	]
[	102	][	87	][	0	][	0	][	0	]
[	35	][	110	][	47	][	0	][	21	]
