Number of slots: 320
Number of events: 159
Sparseness: 0.496875

Globalit: 2439
Fitness: -4	 Created: 4815
Time: 4815ms

Hard broken: 0
Time limit: 90000
Initialtemperature: 4.3
InitialIterations: 10
My value: -6.83E-4
Stuck limit: 2147483647
Desired fitness: -4

============ Room: D1 Capacity: 200 ============
[	0	][	0	][	0	][	51	][	135	]
[	0	][	0	][	0	][	0	][	0	]
[	2	][	18	][	134	][	0	][	0	]
[	0	][	0	][	128	][	1	][	0	]
============ Room: D2 Capacity: 50 ============
[	158	][	0	][	0	][	0	][	0	]
[	98	][	0	][	7	][	0	][	74	]
[	0	][	0	][	0	][	70	][	145	]
[	0	][	0	][	0	][	73	][	61	]
============ Room: D3 Capacity: 50 ============
[	0	][	0	][	0	][	117	][	27	]
[	0	][	123	][	31	][	38	][	77	]
[	28	][	0	][	92	][	0	][	0	]
[	0	][	0	][	29	][	146	][	159	]
============ Room: D45 Capacity: 40 ============
[	0	][	0	][	130	][	69	][	91	]
[	0	][	0	][	121	][	3	][	0	]
[	99	][	0	][	0	][	0	][	0	]
[	132	][	0	][	0	][	90	][	0	]
============ Room: D46 Capacity: 40 ============
[	0	][	0	][	0	][	0	][	0	]
[	97	][	0	][	0	][	95	][	157	]
[	0	][	0	][	0	][	76	][	0	]
[	94	][	0	][	37	][	139	][	32	]
============ Room: E1 Capacity: 350 ============
[	79	][	68	][	64	][	0	][	141	]
[	0	][	147	][	78	][	0	][	0	]
[	0	][	89	][	36	][	17	][	65	]
[	0	][	156	][	42	][	116	][	0	]
============ Room: E35 Capacity: 40 ============
[	131	][	0	][	25	][	136	][	118	]
[	0	][	4	][	0	][	0	][	0	]
[	0	][	133	][	63	][	96	][	0	]
[	143	][	0	][	0	][	93	][	26	]
============ Room: E36 Capacity: 40 ============
[	0	][	0	][	119	][	30	][	0	]
[	6	][	5	][	0	][	75	][	0	]
[	0	][	0	][	144	][	0	][	62	]
[	122	][	137	][	0	][	0	][	138	]
============ Room: F1 Capacity: 300 ============
[	88	][	71	][	0	][	0	][	0	]
[	0	][	24	][	0	][	0	][	129	]
[	0	][	140	][	72	][	8	][	120	]
[	60	][	0	][	142	][	0	][	0	]
============ Room: SPEL Capacity: 40 ============
[	126	][	107	][	108	][	0	][	0	]
[	0	][	0	][	50	][	0	][	0	]
[	47	][	9	][	0	][	46	][	0	]
[	0	][	127	][	12	][	19	][	53	]
============ Room: SPOR Capacity: 30 ============
[	0	][	0	][	0	][	105	][	0	]
[	0	][	110	][	0	][	0	][	104	]
[	0	][	52	][	0	][	43	][	153	]
[	66	][	102	][	0	][	0	][	106	]
============ Room: MUSI Capacity: 40 ============
[	22	][	21	][	81	][	10	][	0	]
[	34	][	44	][	0	][	0	][	101	]
[	84	][	0	][	0	][	0	][	109	]
[	0	][	0	][	11	][	59	][	87	]
============ Room: ROD Capacity: 30 ============
[	0	][	0	][	58	][	148	][	0	]
[	124	][	0	][	0	][	152	][	0	]
[	35	][	13	][	48	][	0	][	41	]
[	0	][	40	][	100	][	0	][	103	]
============ Room: ORA Capacity: 30 ============
[	45	][	39	][	155	][	0	][	149	]
[	57	][	115	][	111	][	23	][	16	]
[	0	][	0	][	0	][	125	][	112	]
[	80	][	0	][	0	][	151	][	54	]
============ Room: VIO Capacity: 40 ============
[	67	][	0	][	114	][	0	][	0	]
[	0	][	113	][	0	][	154	][	15	]
[	0	][	83	][	14	][	0	][	0	]
[	55	][	20	][	0	][	0	][	0	]
============ Room: GRA Capacity: 30 ============
[	0	][	0	][	0	][	0	][	150	]
[	0	][	0	][	0	][	0	][	0	]
[	0	][	85	][	0	][	0	][	49	]
[	56	][	0	][	86	][	33	][	82	]
