Number of slots: 320
Number of events: 159
Sparseness: 0.496875

Globalit: 2472
Fitness: -4	 Created: 4907
Time: 4907ms

Hard broken: 0
Time limit: 90000
Initialtemperature: 4.3
InitialIterations: 10
My value: -6.83E-4
Stuck limit: 2147483647
Desired fitness: -4

============ Room: D1 Capacity: 200 ============
[	0	][	142	][	18	][	0	][	0	]
[	24	][	17	][	0	][	0	][	88	]
[	60	][	135	][	0	][	0	][	140	]
[	68	][	79	][	0	][	134	][	78	]
============ Room: D2 Capacity: 50 ============
[	0	][	27	][	145	][	32	][	0	]
[	159	][	0	][	6	][	0	][	0	]
[	38	][	0	][	0	][	132	][	0	]
[	0	][	0	][	0	][	0	][	96	]
============ Room: D3 Capacity: 50 ============
[	98	][	0	][	37	][	7	][	0	]
[	0	][	3	][	0	][	93	][	0	]
[	131	][	0	][	0	][	157	][	119	]
[	0	][	26	][	137	][	97	][	95	]
============ Room: D45 Capacity: 40 ============
[	0	][	0	][	0	][	73	][	0	]
[	117	][	143	][	144	][	0	][	0	]
[	130	][	0	][	0	][	94	][	0	]
[	0	][	0	][	0	][	0	][	138	]
============ Room: D46 Capacity: 40 ============
[	76	][	0	][	61	][	136	][	0	]
[	69	][	0	][	4	][	0	][	0	]
[	0	][	30	][	0	][	146	][	139	]
[	0	][	0	][	0	][	158	][	0	]
============ Room: E1 Capacity: 350 ============
[	0	][	65	][	0	][	141	][	0	]
[	51	][	156	][	0	][	0	][	64	]
[	0	][	120	][	89	][	36	][	0	]
[	72	][	129	][	0	][	8	][	116	]
============ Room: E35 Capacity: 40 ============
[	0	][	0	][	0	][	0	][	63	]
[	0	][	70	][	75	][	62	][	0	]
[	25	][	0	][	122	][	0	][	74	]
[	0	][	92	][	0	][	121	][	99	]
============ Room: E36 Capacity: 40 ============
[	29	][	5	][	0	][	0	][	118	]
[	0	][	133	][	77	][	91	][	0	]
[	0	][	0	][	28	][	90	][	0	]
[	0	][	123	][	0	][	31	][	0	]
============ Room: F1 Capacity: 300 ============
[	1	][	0	][	0	][	0	][	128	]
[	0	][	0	][	42	][	2	][	147	]
[	0	][	0	][	0	][	71	][	0	]
[	0	][	0	][	0	][	0	][	0	]
============ Room: SPEL Capacity: 40 ============
[	0	][	108	][	111	][	101	][	0	]
[	112	][	0	][	151	][	0	][	0	]
[	0	][	86	][	153	][	0	][	113	]
[	0	][	0	][	41	][	0	][	23	]
============ Room: SPOR Capacity: 30 ============
[	33	][	0	][	0	][	0	][	0	]
[	0	][	81	][	0	][	58	][	66	]
[	50	][	0	][	0	][	126	][	0	]
[	53	][	14	][	0	][	0	][	0	]
============ Room: MUSI Capacity: 40 ============
[	154	][	0	][	125	][	0	][	0	]
[	0	][	0	][	34	][	0	][	19	]
[	107	][	150	][	52	][	0	][	110	]
[	0	][	39	][	0	][	22	][	16	]
============ Room: ROD Capacity: 30 ============
[	48	][	84	][	114	][	0	][	0	]
[	0	][	0	][	115	][	155	][	0	]
[	103	][	12	][	55	][	0	][	20	]
[	104	][	0	][	87	][	46	][	45	]
============ Room: ORA Capacity: 30 ============
[	0	][	44	][	59	][	47	][	0	]
[	0	][	0	][	0	][	0	][	0	]
[	105	][	0	][	0	][	15	][	0	]
[	10	][	9	][	0	][	21	][	152	]
============ Room: VIO Capacity: 40 ============
[	0	][	109	][	0	][	0	][	0	]
[	0	][	54	][	149	][	82	][	40	]
[	0	][	0	][	56	][	0	][	35	]
[	0	][	57	][	0	][	80	][	0	]
============ Room: GRA Capacity: 30 ============
[	0	][	0	][	83	][	43	][	100	]
[	85	][	102	][	124	][	127	][	0	]
[	106	][	13	][	0	][	0	][	148	]
[	0	][	11	][	49	][	0	][	67	]
