Number of slots: 320
Number of events: 159
Sparseness: 0.496875

Globalit: 3325
Fitness: -4	 Created: 6728
Time: 6729ms

Hard broken: 0
Time limit: 90000
Initialtemperature: 4.3
InitialIterations: 10
My value: -6.83E-4
Stuck limit: 2147483647
Desired fitness: -4

============ Room: D1 Capacity: 200 ============
[	0	][	0	][	0	][	79	][	89	]
[	120	][	68	][	0	][	147	][	0	]
[	128	][	36	][	0	][	0	][	140	]
[	65	][	129	][	141	][	42	][	78	]
============ Room: D2 Capacity: 50 ============
[	132	][	0	][	0	][	0	][	0	]
[	94	][	0	][	0	][	0	][	0	]
[	0	][	136	][	32	][	38	][	0	]
[	0	][	0	][	27	][	31	][	7	]
============ Room: D3 Capacity: 50 ============
[	0	][	130	][	0	][	0	][	0	]
[	0	][	0	][	99	][	0	][	0	]
[	96	][	0	][	97	][	0	][	0	]
[	0	][	0	][	121	][	0	][	139	]
============ Room: D45 Capacity: 40 ============
[	0	][	0	][	0	][	0	][	77	]
[	91	][	62	][	0	][	0	][	143	]
[	95	][	5	][	69	][	0	][	0	]
[	117	][	0	][	0	][	93	][	37	]
============ Room: D46 Capacity: 40 ============
[	0	][	0	][	0	][	159	][	123	]
[	92	][	0	][	137	][	144	][	98	]
[	0	][	0	][	145	][	0	][	73	]
[	138	][	75	][	26	][	131	][	0	]
============ Room: E1 Capacity: 350 ============
[	0	][	0	][	0	][	0	][	1	]
[	0	][	51	][	2	][	71	][	0	]
[	24	][	0	][	0	][	60	][	0	]
[	0	][	116	][	72	][	0	][	0	]
============ Room: E35 Capacity: 40 ============
[	6	][	0	][	0	][	0	][	74	]
[	158	][	119	][	61	][	0	][	4	]
[	146	][	0	][	29	][	76	][	0	]
[	0	][	0	][	63	][	30	][	122	]
============ Room: E36 Capacity: 40 ============
[	0	][	0	][	157	][	118	][	0	]
[	0	][	133	][	0	][	28	][	0	]
[	0	][	3	][	0	][	90	][	70	]
[	0	][	0	][	25	][	0	][	0	]
============ Room: F1 Capacity: 300 ============
[	18	][	156	][	8	][	0	][	135	]
[	0	][	0	][	0	][	0	][	0	]
[	0	][	88	][	134	][	0	][	17	]
[	0	][	0	][	0	][	64	][	142	]
============ Room: SPEL Capacity: 40 ============
[	0	][	0	][	0	][	0	][	0	]
[	85	][	80	][	153	][	46	][	20	]
[	0	][	0	][	127	][	151	][	152	]
[	102	][	0	][	0	][	13	][	23	]
============ Room: SPOR Capacity: 30 ============
[	52	][	0	][	0	][	40	][	0	]
[	81	][	104	][	19	][	44	][	0	]
[	0	][	0	][	126	][	50	][	10	]
[	22	][	0	][	113	][	154	][	0	]
============ Room: MUSI Capacity: 40 ============
[	0	][	0	][	124	][	0	][	0	]
[	0	][	105	][	125	][	106	][	0	]
[	15	][	86	][	82	][	0	][	54	]
[	148	][	0	][	112	][	0	][	0	]
============ Room: ROD Capacity: 30 ============
[	115	][	53	][	101	][	43	][	0	]
[	34	][	0	][	0	][	0	][	48	]
[	84	][	21	][	0	][	9	][	108	]
[	0	][	56	][	109	][	0	][	0	]
============ Room: ORA Capacity: 30 ============
[	0	][	0	][	0	][	0	][	57	]
[	0	][	0	][	0	][	0	][	0	]
[	87	][	0	][	0	][	0	][	33	]
[	83	][	11	][	150	][	16	][	0	]
============ Room: VIO Capacity: 40 ============
[	41	][	35	][	107	][	49	][	0	]
[	0	][	0	][	0	][	0	][	0	]
[	155	][	0	][	0	][	45	][	0	]
[	0	][	59	][	58	][	66	][	0	]
============ Room: GRA Capacity: 30 ============
[	110	][	12	][	0	][	0	][	0	]
[	14	][	100	][	0	][	103	][	0	]
[	39	][	47	][	0	][	67	][	55	]
[	149	][	0	][	114	][	0	][	111	]
