Number of slots: 320
Number of events: 159
Sparseness: 0.496875

Globalit: 7114
Fitness: -4	 Created: 13818
Time: 13819ms

Hard broken: 0
Time limit: 90000
Initialtemperature: 4.3
InitialIterations: 10
My value: -6.83E-4
Stuck limit: 2147483647
Desired fitness: -4

============ Room: D1 Capacity: 200 ============
[	0	][	134	][	0	][	141	][	0	]
[	24	][	0	][	0	][	116	][	65	]
[	0	][	0	][	1	][	0	][	120	]
[	135	][	89	][	88	][	0	][	2	]
============ Room: D2 Capacity: 50 ============
[	7	][	28	][	0	][	0	][	0	]
[	146	][	0	][	29	][	145	][	0	]
[	0	][	0	][	0	][	139	][	0	]
[	143	][	0	][	132	][	0	][	61	]
============ Room: D3 Capacity: 50 ============
[	0	][	97	][	77	][	0	][	123	]
[	0	][	0	][	0	][	0	][	122	]
[	0	][	0	][	0	][	0	][	0	]
[	0	][	0	][	0	][	70	][	0	]
============ Room: D45 Capacity: 40 ============
[	0	][	62	][	0	][	99	][	157	]
[	130	][	118	][	32	][	0	][	37	]
[	0	][	144	][	0	][	136	][	158	]
[	119	][	137	][	0	][	69	][	63	]
============ Room: D46 Capacity: 40 ============
[	0	][	0	][	3	][	0	][	0	]
[	4	][	131	][	6	][	0	][	26	]
[	38	][	0	][	27	][	0	][	31	]
[	92	][	0	][	0	][	0	][	25	]
============ Room: E1 Capacity: 350 ============
[	147	][	79	][	128	][	0	][	142	]
[	0	][	72	][	0	][	64	][	0	]
[	129	][	0	][	140	][	60	][	0	]
[	18	][	0	][	17	][	156	][	78	]
============ Room: E35 Capacity: 40 ============
[	0	][	0	][	75	][	117	][	0	]
[	76	][	0	][	90	][	0	][	0	]
[	159	][	0	][	93	][	0	][	0	]
[	91	][	138	][	0	][	0	][	0	]
============ Room: E36 Capacity: 40 ============
[	74	][	98	][	0	][	0	][	0	]
[	5	][	0	][	30	][	133	][	73	]
[	0	][	0	][	0	][	96	][	0	]
[	94	][	0	][	0	][	121	][	95	]
============ Room: F1 Capacity: 300 ============
[	0	][	0	][	51	][	71	][	0	]
[	0	][	42	][	0	][	36	][	0	]
[	0	][	68	][	0	][	0	][	0	]
[	0	][	0	][	0	][	8	][	0	]
============ Room: SPEL Capacity: 40 ============
[	57	][	47	][	0	][	0	][	0	]
[	148	][	107	][	125	][	0	][	108	]
[	0	][	0	][	54	][	0	][	0	]
[	55	][	0	][	33	][	0	][	52	]
============ Room: SPOR Capacity: 30 ============
[	58	][	0	][	149	][	155	][	0	]
[	44	][	0	][	0	][	59	][	0	]
[	11	][	46	][	0	][	20	][	82	]
[	0	][	15	][	14	][	105	][	0	]
============ Room: MUSI Capacity: 40 ============
[	0	][	48	][	0	][	0	][	83	]
[	0	][	22	][	0	][	84	][	0	]
[	124	][	0	][	66	][	9	][	0	]
[	0	][	152	][	154	][	43	][	56	]
============ Room: ROD Capacity: 30 ============
[	127	][	153	][	0	][	49	][	103	]
[	106	][	13	][	0	][	0	][	115	]
[	109	][	19	][	0	][	45	][	0	]
[	0	][	0	][	0	][	85	][	0	]
============ Room: ORA Capacity: 30 ============
[	104	][	0	][	0	][	0	][	0	]
[	102	][	100	][	0	][	151	][	113	]
[	114	][	111	][	81	][	87	][	80	]
[	0	][	16	][	0	][	41	][	39	]
============ Room: VIO Capacity: 40 ============
[	67	][	0	][	0	][	0	][	0	]
[	101	][	23	][	0	][	110	][	112	]
[	0	][	0	][	34	][	21	][	0	]
[	35	][	0	][	10	][	0	][	53	]
============ Room: GRA Capacity: 30 ============
[	0	][	126	][	0	][	0	][	0	]
[	50	][	0	][	0	][	86	][	12	]
[	0	][	0	][	0	][	40	][	0	]
[	0	][	0	][	0	][	0	][	150	]
