Number of slots: 320
Number of events: 159
Sparseness: 0.496875

Globalit: 2266
Fitness: -4	 Created: 4421
Time: 4421ms

Hard broken: 0
Time limit: 90000
Initialtemperature: 4.3
InitialIterations: 10
My value: -6.83E-4
Stuck limit: 2147483647
Desired fitness: -4

============ Room: D1 Capacity: 200 ============
[	0	][	140	][	134	][	0	][	88	]
[	135	][	0	][	0	][	71	][	0	]
[	120	][	142	][	17	][	0	][	0	]
[	147	][	156	][	89	][	141	][	0	]
============ Room: D2 Capacity: 50 ============
[	0	][	0	][	0	][	0	][	0	]
[	0	][	0	][	0	][	0	][	29	]
[	90	][	138	][	0	][	145	][	3	]
[	5	][	0	][	0	][	30	][	0	]
============ Room: D3 Capacity: 50 ============
[	98	][	0	][	0	][	0	][	37	]
[	123	][	0	][	0	][	0	][	133	]
[	143	][	28	][	0	][	4	][	0	]
[	0	][	0	][	0	][	0	][	0	]
============ Room: D45 Capacity: 40 ============
[	32	][	0	][	146	][	118	][	0	]
[	0	][	0	][	0	][	0	][	144	]
[	91	][	0	][	0	][	61	][	69	]
[	94	][	0	][	0	][	99	][	132	]
============ Room: D46 Capacity: 40 ============
[	96	][	31	][	0	][	25	][	0	]
[	93	][	97	][	0	][	38	][	119	]
[	92	][	0	][	0	][	137	][	0	]
[	77	][	0	][	130	][	122	][	26	]
============ Room: E1 Capacity: 350 ============
[	0	][	18	][	116	][	68	][	1	]
[	0	][	0	][	0	][	0	][	0	]
[	128	][	0	][	0	][	79	][	60	]
[	51	][	78	][	36	][	0	][	0	]
============ Room: E35 Capacity: 40 ============
[	121	][	73	][	157	][	159	][	0	]
[	0	][	0	][	95	][	27	][	0	]
[	0	][	63	][	0	][	0	][	0	]
[	0	][	0	][	117	][	62	][	75	]
============ Room: E36 Capacity: 40 ============
[	0	][	136	][	0	][	139	][	76	]
[	0	][	70	][	0	][	0	][	0	]
[	0	][	0	][	6	][	7	][	158	]
[	0	][	0	][	131	][	0	][	74	]
============ Room: F1 Capacity: 300 ============
[	129	][	64	][	24	][	0	][	0	]
[	0	][	2	][	72	][	42	][	8	]
[	0	][	65	][	0	][	0	][	0	]
[	0	][	0	][	0	][	0	][	0	]
============ Room: SPEL Capacity: 40 ============
[	0	][	155	][	83	][	102	][	0	]
[	0	][	0	][	34	][	0	][	101	]
[	82	][	39	][	0	][	149	][	57	]
[	0	][	100	][	0	][	52	][	46	]
============ Room: SPOR Capacity: 30 ============
[	0	][	0	][	15	][	0	][	0	]
[	21	][	0	][	12	][	0	][	80	]
[	0	][	0	][	154	][	0	][	0	]
[	0	][	0	][	0	][	0	][	9	]
============ Room: MUSI Capacity: 40 ============
[	0	][	0	][	59	][	33	][	0	]
[	0	][	55	][	0	][	114	][	0	]
[	86	][	0	][	0	][	0	][	0	]
[	0	][	49	][	0	][	0	][	0	]
============ Room: ROD Capacity: 30 ============
[	54	][	0	][	0	][	0	][	126	]
[	20	][	84	][	44	][	0	][	0	]
[	50	][	0	][	45	][	0	][	40	]
[	0	][	0	][	0	][	152	][	105	]
============ Room: ORA Capacity: 30 ============
[	0	][	0	][	58	][	0	][	53	]
[	0	][	0	][	0	][	11	][	66	]
[	41	][	111	][	0	][	110	][	0	]
[	67	][	104	][	23	][	85	][	150	]
============ Room: VIO Capacity: 40 ============
[	0	][	153	][	115	][	0	][	0	]
[	0	][	56	][	22	][	0	][	151	]
[	43	][	109	][	103	][	112	][	113	]
[	0	][	0	][	0	][	16	][	47	]
============ Room: GRA Capacity: 30 ============
[	0	][	106	][	0	][	13	][	148	]
[	48	][	124	][	125	][	127	][	81	]
[	87	][	108	][	0	][	0	][	19	]
[	0	][	107	][	14	][	35	][	10	]
