Number of slots: 320
Number of events: 159
Sparseness: 0.496875

Globalit: 2974
Fitness: -4	 Created: 5977
Time: 5978ms

Hard broken: 0
Time limit: 90000
Initialtemperature: 4.3
InitialIterations: 10
My value: -6.83E-4
Stuck limit: 2147483647
Desired fitness: -4

============ Room: D1 Capacity: 200 ============
[	0	][	0	][	0	][	0	][	116	]
[	0	][	0	][	64	][	147	][	0	]
[	1	][	0	][	0	][	0	][	0	]
[	0	][	0	][	0	][	24	][	0	]
============ Room: D2 Capacity: 50 ============
[	0	][	132	][	25	][	0	][	61	]
[	0	][	70	][	121	][	0	][	62	]
[	0	][	117	][	92	][	0	][	0	]
[	0	][	123	][	0	][	146	][	28	]
============ Room: D3 Capacity: 50 ============
[	0	][	63	][	3	][	119	][	133	]
[	93	][	29	][	0	][	0	][	91	]
[	139	][	96	][	0	][	0	][	0	]
[	0	][	75	][	0	][	0	][	159	]
============ Room: D45 Capacity: 40 ============
[	0	][	97	][	131	][	38	][	0	]
[	37	][	0	][	6	][	122	][	136	]
[	0	][	73	][	77	][	0	][	0	]
[	0	][	0	][	4	][	0	][	138	]
============ Room: D46 Capacity: 40 ============
[	0	][	0	][	0	][	69	][	0	]
[	158	][	5	][	0	][	0	][	0	]
[	0	][	0	][	145	][	118	][	31	]
[	0	][	0	][	0	][	95	][	0	]
============ Room: E1 Capacity: 350 ============
[	120	][	156	][	78	][	0	][	0	]
[	141	][	0	][	135	][	128	][	72	]
[	79	][	60	][	0	][	134	][	71	]
[	42	][	2	][	0	][	0	][	8	]
============ Room: E35 Capacity: 40 ============
[	7	][	0	][	26	][	0	][	0	]
[	0	][	0	][	94	][	0	][	0	]
[	0	][	0	][	0	][	0	][	0	]
[	98	][	143	][	27	][	0	][	0	]
============ Room: E36 Capacity: 40 ============
[	0	][	74	][	0	][	0	][	32	]
[	0	][	130	][	30	][	76	][	90	]
[	0	][	99	][	144	][	0	][	0	]
[	0	][	0	][	137	][	0	][	157	]
============ Room: F1 Capacity: 300 ============
[	0	][	18	][	68	][	88	][	65	]
[	0	][	142	][	0	][	0	][	51	]
[	0	][	140	][	129	][	0	][	89	]
[	17	][	0	][	0	][	36	][	0	]
============ Room: SPEL Capacity: 40 ============
[	0	][	0	][	41	][	0	][	0	]
[	0	][	0	][	0	][	102	][	0	]
[	48	][	0	][	66	][	103	][	0	]
[	125	][	0	][	0	][	58	][	115	]
============ Room: SPOR Capacity: 30 ============
[	39	][	0	][	0	][	155	][	107	]
[	0	][	108	][	40	][	0	][	13	]
[	0	][	0	][	22	][	106	][	43	]
[	0	][	0	][	109	][	57	][	0	]
============ Room: MUSI Capacity: 40 ============
[	80	][	35	][	0	][	19	][	0	]
[	0	][	0	][	149	][	100	][	11	]
[	0	][	46	][	44	][	0	][	47	]
[	14	][	105	][	85	][	83	][	126	]
============ Room: ROD Capacity: 30 ============
[	84	][	0	][	127	][	0	][	152	]
[	0	][	151	][	0	][	0	][	0	]
[	0	][	0	][	15	][	0	][	10	]
[	9	][	101	][	0	][	56	][	0	]
============ Room: ORA Capacity: 30 ============
[	50	][	0	][	53	][	0	][	82	]
[	0	][	0	][	0	][	55	][	0	]
[	110	][	0	][	0	][	104	][	0	]
[	0	][	0	][	0	][	0	][	81	]
============ Room: VIO Capacity: 40 ============
[	86	][	0	][	112	][	16	][	0	]
[	87	][	0	][	148	][	21	][	20	]
[	33	][	0	][	0	][	0	][	67	]
[	0	][	0	][	113	][	0	][	114	]
============ Room: GRA Capacity: 30 ============
[	0	][	0	][	153	][	59	][	0	]
[	52	][	111	][	49	][	23	][	0	]
[	0	][	34	][	154	][	150	][	124	]
[	0	][	54	][	45	][	12	][	0	]
