Number of slots: 320
Number of events: 159
Sparseness: 0.496875

Globalit: 3248
Fitness: -4	 Created: 6326
Time: 6326ms

Hard broken: 0
Time limit: 90000
Initialtemperature: 4.3
InitialIterations: 10
My value: -6.83E-4
Stuck limit: 2147483647
Desired fitness: -4

============ Room: D1 Capacity: 200 ============
[	0	][	142	][	42	][	68	][	0	]
[	0	][	120	][	0	][	0	][	65	]
[	60	][	0	][	0	][	0	][	51	]
[	0	][	156	][	0	][	0	][	0	]
============ Room: D2 Capacity: 50 ============
[	0	][	0	][	138	][	3	][	121	]
[	0	][	0	][	0	][	95	][	0	]
[	0	][	0	][	0	][	0	][	0	]
[	118	][	38	][	37	][	0	][	73	]
============ Room: D3 Capacity: 50 ============
[	122	][	0	][	0	][	123	][	69	]
[	0	][	0	][	0	][	0	][	93	]
[	92	][	26	][	0	][	25	][	90	]
[	0	][	7	][	0	][	0	][	0	]
============ Room: D45 Capacity: 40 ============
[	30	][	96	][	0	][	0	][	0	]
[	145	][	0	][	157	][	0	][	144	]
[	119	][	77	][	0	][	130	][	0	]
[	143	][	0	][	159	][	0	][	0	]
============ Room: D46 Capacity: 40 ============
[	0	][	75	][	158	][	0	][	0	]
[	117	][	0	][	4	][	97	][	5	]
[	0	][	0	][	98	][	0	][	0	]
[	0	][	0	][	0	][	62	][	27	]
============ Room: E1 Capacity: 350 ============
[	147	][	0	][	0	][	0	][	78	]
[	128	][	24	][	0	][	0	][	0	]
[	0	][	0	][	79	][	2	][	0	]
[	64	][	0	][	116	][	36	][	1	]
============ Room: E35 Capacity: 40 ============
[	29	][	31	][	28	][	0	][	0	]
[	146	][	0	][	0	][	0	][	0	]
[	0	][	0	][	0	][	132	][	0	]
[	0	][	0	][	61	][	63	][	0	]
============ Room: E36 Capacity: 40 ============
[	6	][	76	][	0	][	74	][	99	]
[	70	][	133	][	0	][	0	][	94	]
[	0	][	137	][	139	][	131	][	91	]
[	32	][	0	][	136	][	0	][	0	]
============ Room: F1 Capacity: 300 ============
[	88	][	129	][	71	][	0	][	140	]
[	0	][	0	][	0	][	17	][	72	]
[	8	][	0	][	141	][	0	][	0	]
[	89	][	0	][	18	][	134	][	135	]
============ Room: SPEL Capacity: 40 ============
[	0	][	0	][	0	][	0	][	0	]
[	110	][	153	][	0	][	0	][	0	]
[	0	][	112	][	0	][	35	][	0	]
[	20	][	85	][	0	][	111	][	0	]
============ Room: SPOR Capacity: 30 ============
[	0	][	0	][	40	][	104	][	0	]
[	0	][	154	][	84	][	0	][	41	]
[	0	][	126	][	58	][	66	][	0	]
[	0	][	83	][	103	][	53	][	0	]
============ Room: MUSI Capacity: 40 ============
[	47	][	12	][	0	][	33	][	0	]
[	150	][	109	][	108	][	39	][	0	]
[	0	][	114	][	0	][	0	][	13	]
[	0	][	0	][	10	][	113	][	101	]
============ Room: ROD Capacity: 30 ============
[	0	][	125	][	0	][	45	][	148	]
[	0	][	0	][	0	][	0	][	55	]
[	0	][	52	][	155	][	43	][	0	]
[	0	][	0	][	100	][	0	][	0	]
============ Room: ORA Capacity: 30 ============
[	0	][	0	][	0	][	46	][	0	]
[	15	][	14	][	81	][	48	][	124	]
[	0	][	54	][	22	][	86	][	19	]
[	11	][	0	][	0	][	0	][	127	]
============ Room: VIO Capacity: 40 ============
[	50	][	0	][	0	][	105	][	0	]
[	115	][	80	][	67	][	16	][	23	]
[	149	][	0	][	0	][	0	][	21	]
[	0	][	0	][	102	][	151	][	0	]
============ Room: GRA Capacity: 30 ============
[	34	][	0	][	107	][	49	][	9	]
[	0	][	0	][	56	][	152	][	59	]
[	0	][	0	][	0	][	0	][	82	]
[	44	][	57	][	0	][	87	][	106	]
