Number of slots: 320
Number of events: 159
Sparseness: 0.496875

Globalit: 7471
Fitness: -4	 Created: 14550
Time: 14552ms

Hard broken: 0
Time limit: 90000
Initialtemperature: 4.3
InitialIterations: 10
My value: -6.83E-4
Stuck limit: 2147483647
Desired fitness: -4

============ Room: D1 Capacity: 200 ============
[	79	][	141	][	0	][	0	][	0	]
[	0	][	24	][	116	][	88	][	0	]
[	0	][	0	][	51	][	0	][	140	]
[	135	][	0	][	68	][	134	][	60	]
============ Room: D2 Capacity: 50 ============
[	93	][	98	][	143	][	0	][	0	]
[	0	][	0	][	32	][	0	][	0	]
[	91	][	0	][	0	][	0	][	74	]
[	3	][	0	][	158	][	77	][	0	]
============ Room: D3 Capacity: 50 ============
[	0	][	0	][	0	][	30	][	0	]
[	0	][	0	][	0	][	7	][	146	]
[	0	][	0	][	31	][	73	][	70	]
[	0	][	0	][	25	][	0	][	0	]
============ Room: D45 Capacity: 40 ============
[	145	][	0	][	62	][	0	][	123	]
[	130	][	121	][	75	][	144	][	96	]
[	0	][	95	][	0	][	92	][	138	]
[	0	][	0	][	0	][	29	][	0	]
============ Room: D46 Capacity: 40 ============
[	117	][	69	][	0	][	90	][	0	]
[	119	][	0	][	76	][	61	][	26	]
[	0	][	0	][	0	][	28	][	122	]
[	0	][	0	][	136	][	0	][	0	]
============ Room: E1 Capacity: 350 ============
[	0	][	0	][	0	][	36	][	18	]
[	0	][	71	][	0	][	17	][	0	]
[	142	][	120	][	65	][	0	][	0	]
[	0	][	128	][	89	][	2	][	0	]
============ Room: E35 Capacity: 40 ============
[	63	][	4	][	0	][	0	][	137	]
[	0	][	0	][	0	][	133	][	132	]
[	131	][	37	][	5	][	159	][	0	]
[	0	][	0	][	0	][	0	][	99	]
============ Room: E36 Capacity: 40 ============
[	118	][	0	][	27	][	0	][	0	]
[	157	][	38	][	0	][	0	][	0	]
[	0	][	139	][	0	][	94	][	0	]
[	0	][	6	][	0	][	0	][	97	]
============ Room: F1 Capacity: 300 ============
[	129	][	147	][	0	][	0	][	0	]
[	0	][	64	][	0	][	156	][	1	]
[	42	][	0	][	72	][	0	][	0	]
[	0	][	0	][	78	][	0	][	8	]
============ Room: SPEL Capacity: 40 ============
[	50	][	47	][	114	][	0	][	0	]
[	85	][	0	][	43	][	0	][	0	]
[	154	][	0	][	0	][	0	][	23	]
[	0	][	110	][	0	][	104	][	56	]
============ Room: SPOR Capacity: 30 ============
[	11	][	0	][	0	][	0	][	150	]
[	101	][	59	][	107	][	81	][	57	]
[	0	][	44	][	0	][	0	][	0	]
[	0	][	0	][	0	][	0	][	127	]
============ Room: MUSI Capacity: 40 ============
[	148	][	33	][	149	][	0	][	112	]
[	100	][	103	][	152	][	87	][	0	]
[	22	][	46	][	0	][	40	][	14	]
[	0	][	115	][	13	][	0	][	0	]
============ Room: ROD Capacity: 30 ============
[	10	][	0	][	52	][	58	][	113	]
[	0	][	153	][	0	][	86	][	0	]
[	20	][	0	][	0	][	0	][	109	]
[	67	][	19	][	0	][	0	][	0	]
============ Room: ORA Capacity: 30 ============
[	15	][	0	][	55	][	125	][	12	]
[	105	][	0	][	0	][	80	][	83	]
[	0	][	82	][	111	][	16	][	0	]
[	0	][	151	][	126	][	0	][	0	]
============ Room: VIO Capacity: 40 ============
[	0	][	0	][	53	][	84	][	0	]
[	35	][	0	][	0	][	0	][	41	]
[	124	][	66	][	155	][	0	][	21	]
[	0	][	0	][	9	][	0	][	0	]
============ Room: GRA Capacity: 30 ============
[	39	][	48	][	0	][	0	][	108	]
[	34	][	0	][	0	][	0	][	0	]
[	0	][	0	][	0	][	45	][	54	]
[	106	][	0	][	49	][	102	][	0	]
