Number of slots: 320
Number of events: 159
Sparseness: 0.496875

Globalit: 1766
Fitness: -4	 Created: 3509
Time: 3509ms

Hard broken: 0
Time limit: 90000
Initialtemperature: 4.3
InitialIterations: 10
My value: -6.83E-4
Stuck limit: 2147483647
Desired fitness: -4

============ Room: D1 Capacity: 200 ============
[	140	][	0	][	142	][	0	][	0	]
[	42	][	0	][	0	][	0	][	0	]
[	0	][	0	][	0	][	0	][	0	]
[	0	][	65	][	0	][	0	][	0	]
============ Room: D2 Capacity: 50 ============
[	93	][	0	][	31	][	0	][	121	]
[	158	][	0	][	133	][	0	][	97	]
[	146	][	0	][	94	][	0	][	26	]
[	0	][	0	][	0	][	0	][	0	]
============ Room: D3 Capacity: 50 ============
[	77	][	29	][	7	][	0	][	0	]
[	0	][	0	][	0	][	159	][	143	]
[	157	][	0	][	0	][	0	][	74	]
[	0	][	0	][	3	][	0	][	32	]
============ Room: D45 Capacity: 40 ============
[	137	][	28	][	6	][	0	][	0	]
[	0	][	0	][	119	][	62	][	0	]
[	38	][	117	][	90	][	0	][	0	]
[	0	][	0	][	0	][	69	][	5	]
============ Room: D46 Capacity: 40 ============
[	76	][	0	][	0	][	0	][	122	]
[	27	][	0	][	0	][	0	][	0	]
[	0	][	0	][	139	][	0	][	4	]
[	0	][	37	][	0	][	0	][	130	]
============ Room: E1 Capacity: 350 ============
[	51	][	0	][	0	][	17	][	18	]
[	64	][	0	][	60	][	0	][	135	]
[	88	][	0	][	0	][	36	][	0	]
[	24	][	141	][	0	][	134	][	147	]
============ Room: E35 Capacity: 40 ============
[	92	][	0	][	0	][	0	][	70	]
[	0	][	99	][	0	][	131	][	98	]
[	138	][	0	][	0	][	73	][	0	]
[	0	][	0	][	91	][	0	][	145	]
============ Room: E36 Capacity: 40 ============
[	0	][	61	][	0	][	0	][	123	]
[	0	][	63	][	144	][	0	][	96	]
[	118	][	95	][	0	][	25	][	75	]
[	136	][	0	][	0	][	30	][	132	]
============ Room: F1 Capacity: 300 ============
[	2	][	79	][	0	][	0	][	78	]
[	120	][	156	][	1	][	8	][	116	]
[	71	][	68	][	0	][	0	][	129	]
[	72	][	128	][	0	][	0	][	89	]
============ Room: SPEL Capacity: 40 ============
[	0	][	126	][	87	][	80	][	113	]
[	0	][	0	][	0	][	0	][	0	]
[	20	][	35	][	14	][	125	][	0	]
[	0	][	107	][	150	][	81	][	0	]
============ Room: SPOR Capacity: 30 ============
[	40	][	0	][	154	][	56	][	59	]
[	0	][	0	][	43	][	0	][	10	]
[	0	][	0	][	0	][	0	][	0	]
[	0	][	58	][	23	][	0	][	0	]
============ Room: MUSI Capacity: 40 ============
[	41	][	0	][	54	][	149	][	111	]
[	34	][	0	][	47	][	0	][	0	]
[	0	][	0	][	0	][	109	][	114	]
[	0	][	155	][	48	][	0	][	0	]
============ Room: ROD Capacity: 30 ============
[	19	][	11	][	57	][	101	][	0	]
[	0	][	44	][	105	][	0	][	0	]
[	0	][	0	][	124	][	0	][	46	]
[	0	][	104	][	33	][	0	][	0	]
============ Room: ORA Capacity: 30 ============
[	148	][	106	][	0	][	9	][	13	]
[	0	][	127	][	0	][	0	][	0	]
[	0	][	49	][	151	][	45	][	0	]
[	52	][	0	][	0	][	16	][	83	]
============ Room: VIO Capacity: 40 ============
[	66	][	103	][	84	][	0	][	0	]
[	112	][	85	][	102	][	39	][	0	]
[	55	][	82	][	21	][	12	][	115	]
[	153	][	15	][	0	][	110	][	0	]
============ Room: GRA Capacity: 30 ============
[	67	][	0	][	100	][	0	][	108	]
[	0	][	0	][	86	][	0	][	0	]
[	0	][	22	][	53	][	50	][	0	]
[	0	][	152	][	0	][	0	][	0	]
