Number of slots: 320
Number of events: 159
Sparseness: 0.496875

Globalit: 4257
Fitness: -4	 Created: 8294
Time: 8295ms

Hard broken: 0
Time limit: 90000
Initialtemperature: 4.3
InitialIterations: 10
My value: -6.83E-4
Stuck limit: 2147483647
Desired fitness: -4

============ Room: D1 Capacity: 200 ============
[	36	][	0	][	0	][	42	][	0	]
[	0	][	17	][	134	][	68	][	135	]
[	0	][	147	][	0	][	0	][	0	]
[	0	][	0	][	89	][	0	][	88	]
============ Room: D2 Capacity: 50 ============
[	0	][	69	][	73	][	0	][	0	]
[	94	][	6	][	98	][	0	][	0	]
[	32	][	0	][	37	][	121	][	0	]
[	0	][	0	][	136	][	31	][	0	]
============ Room: D3 Capacity: 50 ============
[	0	][	0	][	131	][	0	][	0	]
[	63	][	117	][	0	][	159	][	0	]
[	0	][	0	][	158	][	38	][	61	]
[	0	][	0	][	0	][	0	][	0	]
============ Room: D45 Capacity: 40 ============
[	0	][	95	][	0	][	0	][	157	]
[	0	][	91	][	99	][	123	][	77	]
[	144	][	0	][	27	][	0	][	3	]
[	90	][	143	][	28	][	0	][	0	]
============ Room: D46 Capacity: 40 ============
[	75	][	0	][	29	][	145	][	0	]
[	0	][	7	][	97	][	0	][	25	]
[	139	][	70	][	122	][	0	][	137	]
[	138	][	132	][	0	][	0	][	30	]
============ Room: E1 Capacity: 350 ============
[	0	][	120	][	0	][	0	][	140	]
[	142	][	141	][	116	][	71	][	1	]
[	0	][	0	][	0	][	0	][	65	]
[	8	][	0	][	2	][	24	][	0	]
============ Room: E35 Capacity: 40 ============
[	0	][	96	][	4	][	0	][	0	]
[	92	][	0	][	0	][	0	][	118	]
[	5	][	74	][	0	][	0	][	119	]
[	93	][	0	][	0	][	0	][	0	]
============ Room: E36 Capacity: 40 ============
[	26	][	0	][	0	][	0	][	133	]
[	0	][	0	][	0	][	146	][	0	]
[	0	][	0	][	62	][	130	][	0	]
[	76	][	0	][	0	][	0	][	0	]
============ Room: F1 Capacity: 300 ============
[	129	][	0	][	0	][	0	][	0	]
[	156	][	0	][	0	][	64	][	0	]
[	18	][	128	][	79	][	51	][	78	]
[	0	][	0	][	0	][	60	][	72	]
============ Room: SPEL Capacity: 40 ============
[	0	][	0	][	55	][	0	][	54	]
[	22	][	53	][	11	][	40	][	0	]
[	83	][	0	][	0	][	153	][	111	]
[	0	][	113	][	44	][	67	][	48	]
============ Room: SPOR Capacity: 30 ============
[	0	][	0	][	0	][	109	][	0	]
[	0	][	82	][	0	][	108	][	0	]
[	0	][	0	][	106	][	112	][	0	]
[	154	][	0	][	152	][	103	][	14	]
============ Room: MUSI Capacity: 40 ============
[	0	][	0	][	0	][	9	][	58	]
[	0	][	56	][	148	][	0	][	107	]
[	0	][	105	][	0	][	85	][	0	]
[	0	][	0	][	0	][	12	][	125	]
============ Room: ROD Capacity: 30 ============
[	66	][	150	][	0	][	0	][	0	]
[	81	][	33	][	23	][	0	][	101	]
[	59	][	126	][	100	][	115	][	0	]
[	0	][	43	][	0	][	0	][	34	]
============ Room: ORA Capacity: 30 ============
[	50	][	35	][	0	][	0	][	0	]
[	0	][	87	][	10	][	0	][	57	]
[	0	][	0	][	16	][	0	][	0	]
[	0	][	0	][	0	][	104	][	45	]
============ Room: VIO Capacity: 40 ============
[	110	][	149	][	0	][	84	][	21	]
[	49	][	0	][	0	][	0	][	0	]
[	155	][	39	][	0	][	0	][	0	]
[	20	][	80	][	47	][	0	][	46	]
============ Room: GRA Capacity: 30 ============
[	127	][	52	][	124	][	0	][	0	]
[	86	][	151	][	19	][	0	][	0	]
[	0	][	0	][	102	][	0	][	114	]
[	41	][	13	][	0	][	15	][	0	]
