Number of slots: 320
Number of events: 159
Sparseness: 0.496875

Globalit: 1987
Fitness: -4	 Created: 3938
Time: 3939ms

Hard broken: 0
Time limit: 90000
Initialtemperature: 4.3
InitialIterations: 10
My value: -6.83E-4
Stuck limit: 2147483647
Desired fitness: -4

============ Room: D1 Capacity: 200 ============
[	0	][	0	][	0	][	135	][	142	]
[	0	][	0	][	116	][	89	][	0	]
[	0	][	141	][	88	][	0	][	0	]
[	0	][	0	][	0	][	64	][	8	]
============ Room: D2 Capacity: 50 ============
[	91	][	75	][	0	][	0	][	0	]
[	0	][	28	][	0	][	0	][	0	]
[	25	][	131	][	0	][	0	][	0	]
[	0	][	94	][	0	][	0	][	0	]
============ Room: D3 Capacity: 50 ============
[	0	][	92	][	0	][	0	][	6	]
[	0	][	136	][	0	][	63	][	0	]
[	157	][	0	][	0	][	0	][	26	]
[	0	][	146	][	61	][	95	][	0	]
============ Room: D45 Capacity: 40 ============
[	93	][	0	][	0	][	0	][	158	]
[	0	][	117	][	0	][	69	][	132	]
[	0	][	0	][	0	][	32	][	0	]
[	137	][	0	][	0	][	0	][	121	]
============ Room: D46 Capacity: 40 ============
[	90	][	0	][	0	][	144	][	0	]
[	0	][	38	][	98	][	62	][	0	]
[	119	][	76	][	145	][	0	][	0	]
[	123	][	0	][	143	][	99	][	37	]
============ Room: E1 Capacity: 350 ============
[	0	][	0	][	18	][	65	][	71	]
[	72	][	0	][	0	][	128	][	17	]
[	140	][	0	][	68	][	0	][	2	]
[	24	][	0	][	36	][	129	][	0	]
============ Room: E35 Capacity: 40 ============
[	0	][	0	][	0	][	0	][	5	]
[	133	][	4	][	96	][	70	][	118	]
[	77	][	3	][	30	][	74	][	0	]
[	138	][	0	][	0	][	122	][	29	]
============ Room: E36 Capacity: 40 ============
[	27	][	0	][	73	][	0	][	0	]
[	31	][	0	][	0	][	0	][	0	]
[	159	][	130	][	0	][	97	][	139	]
[	0	][	7	][	0	][	0	][	0	]
============ Room: F1 Capacity: 300 ============
[	0	][	0	][	0	][	0	][	0	]
[	120	][	0	][	134	][	51	][	0	]
[	0	][	60	][	1	][	0	][	156	]
[	79	][	147	][	78	][	42	][	0	]
============ Room: SPEL Capacity: 40 ============
[	83	][	59	][	15	][	0	][	0	]
[	0	][	0	][	56	][	81	][	0	]
[	0	][	108	][	0	][	151	][	0	]
[	58	][	41	][	154	][	0	][	55	]
============ Room: SPOR Capacity: 30 ============
[	52	][	16	][	48	][	13	][	50	]
[	114	][	86	][	0	][	0	][	106	]
[	39	][	148	][	0	][	0	][	54	]
[	0	][	85	][	20	][	0	][	0	]
============ Room: MUSI Capacity: 40 ============
[	125	][	23	][	0	][	0	][	0	]
[	44	][	113	][	0	][	33	][	103	]
[	105	][	0	][	87	][	0	][	110	]
[	0	][	0	][	0	][	82	][	0	]
============ Room: ROD Capacity: 30 ============
[	124	][	0	][	0	][	0	][	43	]
[	152	][	0	][	0	][	0	][	150	]
[	0	][	34	][	57	][	0	][	0	]
[	107	][	80	][	102	][	0	][	0	]
============ Room: ORA Capacity: 30 ============
[	0	][	12	][	112	][	153	][	21	]
[	9	][	47	][	155	][	0	][	14	]
[	0	][	35	][	0	][	11	][	115	]
[	0	][	0	][	104	][	0	][	84	]
============ Room: VIO Capacity: 40 ============
[	0	][	0	][	0	][	0	][	0	]
[	67	][	0	][	0	][	0	][	0	]
[	0	][	46	][	53	][	126	][	0	]
[	0	][	0	][	49	][	22	][	109	]
============ Room: GRA Capacity: 30 ============
[	0	][	40	][	149	][	100	][	101	]
[	0	][	0	][	10	][	0	][	66	]
[	0	][	0	][	0	][	127	][	0	]
[	0	][	0	][	45	][	19	][	111	]
