Number of slots: 320
Number of events: 159
Sparseness: 0.496875

Globalit: 1210
Fitness: -4	 Created: 2365
Time: 2366ms

Hard broken: 0
Time limit: 90000
Initialtemperature: 4.3
InitialIterations: 10
My value: -6.83E-4
Stuck limit: 2147483647
Desired fitness: -4

============ Room: D1 Capacity: 200 ============
[	0	][	128	][	36	][	0	][	72	]
[	0	][	134	][	1	][	0	][	0	]
[	0	][	65	][	79	][	71	][	0	]
[	0	][	0	][	0	][	135	][	2	]
============ Room: D2 Capacity: 50 ============
[	119	][	77	][	143	][	38	][	27	]
[	6	][	0	][	32	][	0	][	91	]
[	0	][	130	][	0	][	5	][	0	]
[	29	][	93	][	0	][	0	][	0	]
============ Room: D3 Capacity: 50 ============
[	0	][	145	][	0	][	0	][	0	]
[	31	][	0	][	0	][	0	][	0	]
[	0	][	0	][	0	][	0	][	96	]
[	123	][	121	][	118	][	0	][	0	]
============ Room: D45 Capacity: 40 ============
[	75	][	70	][	0	][	157	][	0	]
[	0	][	146	][	0	][	0	][	0	]
[	159	][	0	][	158	][	0	][	95	]
[	0	][	0	][	139	][	0	][	99	]
============ Room: D46 Capacity: 40 ============
[	0	][	76	][	0	][	4	][	132	]
[	7	][	0	][	0	][	131	][	0	]
[	90	][	92	][	63	][	28	][	137	]
[	0	][	138	][	136	][	0	][	74	]
============ Room: E1 Capacity: 350 ============
[	0	][	8	][	129	][	116	][	0	]
[	0	][	0	][	147	][	18	][	0	]
[	17	][	0	][	0	][	0	][	120	]
[	0	][	78	][	24	][	0	][	0	]
============ Room: E35 Capacity: 40 ============
[	37	][	0	][	3	][	25	][	0	]
[	0	][	0	][	117	][	0	][	94	]
[	0	][	0	][	0	][	0	][	0	]
[	69	][	0	][	0	][	0	][	61	]
============ Room: E36 Capacity: 40 ============
[	0	][	0	][	0	][	26	][	0	]
[	144	][	0	][	0	][	0	][	73	]
[	133	][	0	][	0	][	30	][	97	]
[	62	][	122	][	0	][	0	][	98	]
============ Room: F1 Capacity: 300 ============
[	51	][	64	][	68	][	0	][	156	]
[	0	][	0	][	0	][	88	][	141	]
[	60	][	142	][	140	][	0	][	0	]
[	89	][	0	][	42	][	0	][	0	]
============ Room: SPEL Capacity: 40 ============
[	112	][	0	][	0	][	114	][	0	]
[	85	][	0	][	0	][	0	][	0	]
[	58	][	0	][	106	][	103	][	0	]
[	46	][	21	][	154	][	0	][	155	]
============ Room: SPOR Capacity: 30 ============
[	0	][	0	][	0	][	0	][	0	]
[	149	][	110	][	67	][	13	][	0	]
[	0	][	0	][	0	][	0	][	80	]
[	0	][	0	][	0	][	0	][	23	]
============ Room: MUSI Capacity: 40 ============
[	0	][	59	][	101	][	109	][	9	]
[	111	][	48	][	105	][	0	][	0	]
[	0	][	0	][	12	][	41	][	0	]
[	0	][	34	][	100	][	83	][	124	]
============ Room: ROD Capacity: 30 ============
[	0	][	0	][	20	][	113	][	14	]
[	0	][	0	][	47	][	0	][	15	]
[	0	][	22	][	39	][	127	][	56	]
[	0	][	0	][	152	][	43	][	57	]
============ Room: ORA Capacity: 30 ============
[	0	][	0	][	148	][	108	][	115	]
[	0	][	0	][	0	][	16	][	0	]
[	0	][	0	][	0	][	0	][	35	]
[	0	][	0	][	0	][	19	][	0	]
============ Room: VIO Capacity: 40 ============
[	150	][	153	][	45	][	87	][	33	]
[	53	][	0	][	104	][	10	][	0	]
[	0	][	0	][	0	][	40	][	54	]
[	11	][	0	][	84	][	0	][	125	]
============ Room: GRA Capacity: 30 ============
[	151	][	126	][	0	][	52	][	44	]
[	0	][	82	][	49	][	50	][	0	]
[	55	][	81	][	66	][	102	][	0	]
[	86	][	0	][	0	][	107	][	0	]
