Number of slots: 320
Number of events: 159
Sparseness: 0.496875

Globalit: 5867
Fitness: -4	 Created: 11439
Time: 11439ms

Hard broken: 0
Time limit: 90000
Initialtemperature: 4.3
InitialIterations: 10
My value: -6.83E-4
Stuck limit: 2147483647
Desired fitness: -4

============ Room: D1 Capacity: 200 ============
[	0	][	120	][	147	][	8	][	140	]
[	128	][	0	][	65	][	36	][	0	]
[	0	][	17	][	0	][	18	][	1	]
[	72	][	129	][	64	][	0	][	24	]
============ Room: D2 Capacity: 50 ============
[	0	][	0	][	0	][	0	][	29	]
[	0	][	0	][	0	][	30	][	76	]
[	137	][	0	][	130	][	0	][	0	]
[	0	][	7	][	25	][	0	][	139	]
============ Room: D3 Capacity: 50 ============
[	143	][	0	][	0	][	38	][	28	]
[	145	][	37	][	0	][	138	][	0	]
[	0	][	0	][	62	][	0	][	0	]
[	157	][	0	][	94	][	0	][	69	]
============ Room: D45 Capacity: 40 ============
[	0	][	146	][	0	][	0	][	0	]
[	77	][	0	][	119	][	0	][	70	]
[	0	][	0	][	26	][	0	][	31	]
[	6	][	3	][	5	][	95	][	0	]
============ Room: D46 Capacity: 40 ============
[	27	][	0	][	0	][	0	][	61	]
[	75	][	132	][	73	][	96	][	97	]
[	0	][	131	][	0	][	32	][	90	]
[	0	][	0	][	0	][	0	][	0	]
============ Room: E1 Capacity: 350 ============
[	116	][	135	][	141	][	134	][	0	]
[	0	][	42	][	2	][	71	][	156	]
[	51	][	0	][	142	][	0	][	0	]
[	60	][	0	][	0	][	0	][	0	]
============ Room: E35 Capacity: 40 ============
[	0	][	0	][	0	][	0	][	123	]
[	122	][	0	][	0	][	0	][	98	]
[	91	][	0	][	0	][	0	][	93	]
[	0	][	0	][	0	][	0	][	136	]
============ Room: E36 Capacity: 40 ============
[	74	][	0	][	0	][	117	][	0	]
[	144	][	158	][	0	][	0	][	99	]
[	0	][	159	][	63	][	4	][	118	]
[	133	][	0	][	92	][	0	][	121	]
============ Room: F1 Capacity: 300 ============
[	0	][	78	][	0	][	0	][	0	]
[	88	][	0	][	0	][	0	][	0	]
[	0	][	0	][	0	][	89	][	68	]
[	0	][	0	][	0	][	79	][	0	]
============ Room: SPEL Capacity: 40 ============
[	56	][	59	][	20	][	49	][	0	]
[	0	][	100	][	33	][	12	][	0	]
[	0	][	125	][	0	][	126	][	0	]
[	0	][	110	][	0	][	0	][	39	]
============ Room: SPOR Capacity: 30 ============
[	0	][	0	][	106	][	0	][	66	]
[	0	][	0	][	0	][	0	][	53	]
[	0	][	58	][	0	][	0	][	81	]
[	0	][	111	][	45	][	0	][	104	]
============ Room: MUSI Capacity: 40 ============
[	34	][	0	][	0	][	23	][	0	]
[	0	][	0	][	0	][	0	][	52	]
[	154	][	82	][	54	][	0	][	44	]
[	35	][	40	][	0	][	0	][	50	]
============ Room: ROD Capacity: 30 ============
[	57	][	108	][	0	][	0	][	48	]
[	55	][	19	][	0	][	127	][	0	]
[	124	][	101	][	149	][	152	][	43	]
[	0	][	0	][	0	][	0	][	85	]
============ Room: ORA Capacity: 30 ============
[	10	][	114	][	0	][	47	][	0	]
[	41	][	86	][	113	][	14	][	0	]
[	80	][	0	][	0	][	46	][	84	]
[	103	][	0	][	0	][	151	][	102	]
============ Room: VIO Capacity: 40 ============
[	115	][	0	][	0	][	0	][	0	]
[	0	][	0	][	0	][	13	][	0	]
[	0	][	87	][	109	][	83	][	0	]
[	105	][	0	][	148	][	0	][	153	]
============ Room: GRA Capacity: 30 ============
[	9	][	155	][	15	][	0	][	0	]
[	16	][	67	][	22	][	0	][	0	]
[	0	][	0	][	112	][	0	][	21	]
[	0	][	150	][	0	][	11	][	107	]
