Number of slots: 320
Number of events: 159
Sparseness: 0.496875

Globalit: 9532
Fitness: -4	 Created: 18631
Time: 18632ms

Hard broken: 0
Time limit: 90000
Initialtemperature: 4.3
InitialIterations: 10
My value: -6.83E-4
Stuck limit: 2147483647
Desired fitness: -4

============ Room: D1 Capacity: 200 ============
[	78	][	79	][	0	][	128	][	65	]
[	0	][	120	][	147	][	0	][	0	]
[	64	][	42	][	0	][	0	][	0	]
[	0	][	8	][	0	][	156	][	116	]
============ Room: D2 Capacity: 50 ============
[	121	][	0	][	74	][	0	][	0	]
[	133	][	0	][	145	][	0	][	0	]
[	0	][	0	][	0	][	0	][	157	]
[	130	][	38	][	61	][	0	][	4	]
============ Room: D3 Capacity: 50 ============
[	98	][	131	][	138	][	0	][	6	]
[	0	][	0	][	91	][	92	][	0	]
[	0	][	122	][	0	][	0	][	158	]
[	0	][	96	][	0	][	0	][	0	]
============ Room: D45 Capacity: 40 ============
[	32	][	119	][	0	][	0	][	0	]
[	63	][	28	][	0	][	118	][	0	]
[	0	][	0	][	0	][	0	][	77	]
[	73	][	139	][	62	][	0	][	93	]
============ Room: D46 Capacity: 40 ============
[	0	][	0	][	0	][	146	][	0	]
[	90	][	69	][	94	][	0	][	0	]
[	76	][	26	][	97	][	0	][	0	]
[	0	][	95	][	0	][	0	][	136	]
============ Room: E1 Capacity: 350 ============
[	129	][	60	][	18	][	0	][	0	]
[	51	][	141	][	24	][	0	][	0	]
[	89	][	2	][	1	][	142	][	140	]
[	17	][	0	][	36	][	0	][	0	]
============ Room: E35 Capacity: 40 ============
[	0	][	144	][	75	][	29	][	0	]
[	0	][	0	][	70	][	5	][	27	]
[	137	][	0	][	0	][	30	][	0	]
[	0	][	0	][	0	][	0	][	0	]
============ Room: E36 Capacity: 40 ============
[	99	][	37	][	123	][	143	][	7	]
[	3	][	0	][	0	][	0	][	0	]
[	25	][	159	][	0	][	132	][	31	]
[	117	][	0	][	0	][	0	][	0	]
============ Room: F1 Capacity: 300 ============
[	0	][	0	][	0	][	0	][	71	]
[	0	][	134	][	0	][	135	][	88	]
[	0	][	0	][	0	][	0	][	0	]
[	0	][	0	][	68	][	72	][	0	]
============ Room: SPEL Capacity: 40 ============
[	0	][	0	][	0	][	0	][	47	]
[	0	][	14	][	0	][	52	][	10	]
[	39	][	105	][	87	][	80	][	0	]
[	43	][	0	][	0	][	125	][	0	]
============ Room: SPOR Capacity: 30 ============
[	0	][	102	][	111	][	0	][	0	]
[	0	][	0	][	85	][	0	][	46	]
[	0	][	0	][	151	][	0	][	0	]
[	0	][	22	][	0	][	9	][	0	]
============ Room: MUSI Capacity: 40 ============
[	0	][	0	][	108	][	114	][	49	]
[	23	][	113	][	82	][	0	][	0	]
[	154	][	0	][	148	][	103	][	0	]
[	66	][	126	][	153	][	59	][	0	]
============ Room: ROD Capacity: 30 ============
[	11	][	106	][	0	][	0	][	115	]
[	0	][	56	][	45	][	86	][	0	]
[	0	][	100	][	48	][	0	][	104	]
[	16	][	0	][	15	][	0	][	84	]
============ Room: ORA Capacity: 30 ============
[	0	][	0	][	53	][	152	][	112	]
[	127	][	54	][	41	][	21	][	40	]
[	0	][	81	][	0	][	50	][	0	]
[	0	][	0	][	0	][	110	][	0	]
============ Room: VIO Capacity: 40 ============
[	0	][	67	][	33	][	109	][	34	]
[	149	][	57	][	0	][	150	][	13	]
[	155	][	0	][	83	][	0	][	0	]
[	0	][	55	][	12	][	35	][	0	]
============ Room: GRA Capacity: 30 ============
[	44	][	19	][	0	][	0	][	124	]
[	0	][	0	][	0	][	58	][	0	]
[	0	][	0	][	0	][	0	][	0	]
[	101	][	0	][	107	][	20	][	0	]
