Number of slots: 320
Number of events: 159
Sparseness: 0.496875

Globalit: 726
Fitness: -4	 Created: 1466
Time: 1466ms

Hard broken: 0
Time limit: 90000
Initialtemperature: 4.3
InitialIterations: 10
My value: -6.83E-4
Stuck limit: 2147483647
Desired fitness: -4

============ Room: D1 Capacity: 200 ============
[	0	][	0	][	17	][	0	][	0	]
[	0	][	0	][	0	][	0	][	0	]
[	116	][	18	][	0	][	134	][	36	]
[	135	][	0	][	0	][	129	][	2	]
============ Room: D2 Capacity: 50 ============
[	139	][	0	][	0	][	0	][	0	]
[	63	][	144	][	0	][	0	][	145	]
[	96	][	0	][	75	][	0	][	0	]
[	0	][	130	][	91	][	94	][	0	]
============ Room: D3 Capacity: 50 ============
[	25	][	0	][	37	][	0	][	0	]
[	62	][	0	][	6	][	29	][	0	]
[	0	][	0	][	0	][	0	][	0	]
[	0	][	0	][	122	][	0	][	0	]
============ Room: D45 Capacity: 40 ============
[	0	][	98	][	0	][	0	][	99	]
[	0	][	119	][	0	][	0	][	137	]
[	133	][	138	][	0	][	93	][	0	]
[	0	][	157	][	0	][	0	][	28	]
============ Room: D46 Capacity: 40 ============
[	69	][	77	][	7	][	90	][	70	]
[	118	][	5	][	158	][	121	][	0	]
[	0	][	123	][	0	][	0	][	159	]
[	26	][	38	][	0	][	92	][	143	]
============ Room: E1 Capacity: 350 ============
[	142	][	120	][	0	][	65	][	42	]
[	0	][	79	][	0	][	78	][	0	]
[	0	][	8	][	24	][	51	][	0	]
[	0	][	68	][	0	][	141	][	147	]
============ Room: E35 Capacity: 40 ============
[	0	][	97	][	146	][	0	][	131	]
[	0	][	0	][	132	][	32	][	27	]
[	0	][	0	][	0	][	0	][	0	]
[	0	][	0	][	0	][	61	][	0	]
============ Room: E36 Capacity: 40 ============
[	3	][	0	][	0	][	0	][	95	]
[	0	][	0	][	4	][	136	][	0	]
[	73	][	0	][	74	][	0	][	0	]
[	0	][	30	][	76	][	117	][	31	]
============ Room: F1 Capacity: 300 ============
[	72	][	1	][	0	][	0	][	71	]
[	156	][	64	][	0	][	140	][	88	]
[	60	][	0	][	0	][	0	][	0	]
[	89	][	0	][	128	][	0	][	0	]
============ Room: SPEL Capacity: 40 ============
[	105	][	149	][	115	][	20	][	0	]
[	0	][	153	][	0	][	0	][	0	]
[	0	][	100	][	45	][	0	][	46	]
[	0	][	0	][	33	][	0	][	112	]
============ Room: SPOR Capacity: 30 ============
[	0	][	57	][	108	][	83	][	0	]
[	0	][	41	][	39	][	114	][	85	]
[	0	][	106	][	125	][	0	][	86	]
[	0	][	9	][	34	][	0	][	0	]
============ Room: MUSI Capacity: 40 ============
[	50	][	148	][	0	][	0	][	14	]
[	0	][	0	][	0	][	0	][	151	]
[	0	][	107	][	48	][	0	][	10	]
[	13	][	110	][	152	][	87	][	0	]
============ Room: ROD Capacity: 30 ============
[	0	][	59	][	0	][	0	][	23	]
[	35	][	43	][	53	][	0	][	12	]
[	19	][	154	][	67	][	126	][	0	]
[	150	][	0	][	0	][	0	][	124	]
============ Room: ORA Capacity: 30 ============
[	49	][	0	][	0	][	0	][	0	]
[	101	][	0	][	0	][	113	][	127	]
[	16	][	103	][	15	][	40	][	0	]
[	0	][	0	][	55	][	0	][	0	]
============ Room: VIO Capacity: 40 ============
[	0	][	22	][	111	][	21	][	0	]
[	11	][	102	][	0	][	0	][	44	]
[	0	][	80	][	104	][	155	][	66	]
[	82	][	0	][	54	][	84	][	52	]
============ Room: GRA Capacity: 30 ============
[	0	][	0	][	56	][	47	][	0	]
[	58	][	0	][	109	][	0	][	0	]
[	0	][	0	][	0	][	81	][	0	]
[	0	][	0	][	0	][	0	][	0	]
