Number of slots: 320
Number of events: 159
Sparseness: 0.496875

Globalit: 1578
Fitness: -4	 Created: 3078
Time: 3080ms

Hard broken: 0
Time limit: 90000
Initialtemperature: 4.3
InitialIterations: 10
My value: -6.83E-4
Stuck limit: 2147483647
Desired fitness: -4

============ Room: D1 Capacity: 200 ============
[	0	][	0	][	72	][	135	][	0	]
[	79	][	0	][	134	][	0	][	128	]
[	8	][	64	][	0	][	78	][	141	]
[	42	][	2	][	0	][	60	][	140	]
============ Room: D2 Capacity: 50 ============
[	132	][	31	][	130	][	0	][	32	]
[	0	][	0	][	0	][	0	][	0	]
[	131	][	0	][	0	][	0	][	96	]
[	0	][	38	][	0	][	0	][	0	]
============ Room: D3 Capacity: 50 ============
[	37	][	0	][	5	][	62	][	0	]
[	0	][	0	][	118	][	0	][	0	]
[	122	][	139	][	0	][	0	][	119	]
[	0	][	76	][	0	][	77	][	121	]
============ Room: D45 Capacity: 40 ============
[	0	][	0	][	0	][	0	][	143	]
[	0	][	97	][	98	][	0	][	73	]
[	0	][	7	][	6	][	69	][	0	]
[	92	][	74	][	90	][	0	][	158	]
============ Room: D46 Capacity: 40 ============
[	146	][	157	][	61	][	0	][	63	]
[	0	][	0	][	30	][	123	][	145	]
[	0	][	0	][	75	][	138	][	29	]
[	26	][	0	][	0	][	0	][	136	]
============ Room: E1 Capacity: 350 ============
[	71	][	142	][	89	][	0	][	0	]
[	0	][	129	][	0	][	18	][	0	]
[	0	][	17	][	0	][	1	][	0	]
[	0	][	0	][	68	][	0	][	0	]
============ Room: E35 Capacity: 40 ============
[	0	][	93	][	0	][	0	][	0	]
[	3	][	99	][	0	][	0	][	0	]
[	0	][	0	][	0	][	0	][	0	]
[	0	][	94	][	0	][	159	][	0	]
============ Room: E36 Capacity: 40 ============
[	0	][	0	][	70	][	0	][	27	]
[	4	][	0	][	95	][	0	][	25	]
[	144	][	137	][	28	][	0	][	117	]
[	0	][	91	][	133	][	0	][	0	]
============ Room: F1 Capacity: 300 ============
[	120	][	116	][	156	][	36	][	0	]
[	65	][	147	][	0	][	0	][	0	]
[	0	][	0	][	0	][	0	][	0	]
[	0	][	51	][	24	][	88	][	0	]
============ Room: SPEL Capacity: 40 ============
[	149	][	16	][	0	][	0	][	153	]
[	105	][	0	][	34	][	0	][	152	]
[	21	][	0	][	0	][	0	][	0	]
[	85	][	0	][	0	][	0	][	0	]
============ Room: SPOR Capacity: 30 ============
[	151	][	0	][	0	][	58	][	0	]
[	0	][	55	][	14	][	155	][	59	]
[	0	][	0	][	0	][	23	][	0	]
[	0	][	0	][	148	][	56	][	0	]
============ Room: MUSI Capacity: 40 ============
[	112	][	0	][	0	][	12	][	0	]
[	0	][	40	][	0	][	101	][	15	]
[	0	][	50	][	110	][	0	][	10	]
[	0	][	20	][	0	][	0	][	57	]
============ Room: ROD Capacity: 30 ============
[	54	][	0	][	49	][	0	][	0	]
[	150	][	0	][	0	][	41	][	0	]
[	0	][	48	][	125	][	45	][	0	]
[	81	][	0	][	124	][	0	][	104	]
============ Room: ORA Capacity: 30 ============
[	115	][	0	][	19	][	13	][	106	]
[	102	][	127	][	0	][	39	][	0	]
[	113	][	46	][	0	][	108	][	9	]
[	0	][	0	][	0	][	0	][	22	]
============ Room: VIO Capacity: 40 ============
[	0	][	86	][	33	][	0	][	0	]
[	100	][	82	][	80	][	0	][	0	]
[	154	][	103	][	114	][	126	][	66	]
[	0	][	0	][	0	][	0	][	0	]
============ Room: GRA Capacity: 30 ============
[	0	][	83	][	0	][	109	][	0	]
[	52	][	53	][	47	][	107	][	67	]
[	44	][	87	][	35	][	111	][	11	]
[	84	][	0	][	43	][	0	][	0	]
