Number of slots: 320
Number of events: 159
Sparseness: 0.496875

Globalit: 2600
Fitness: -4	 Created: 5258
Time: 5258ms

Hard broken: 0
Time limit: 90000
Initialtemperature: 4.3
InitialIterations: 10
My value: -6.83E-4
Stuck limit: 2147483647
Desired fitness: -4

============ Room: D1 Capacity: 200 ============
[	0	][	88	][	0	][	0	][	0	]
[	0	][	65	][	24	][	142	][	0	]
[	0	][	0	][	0	][	0	][	0	]
[	0	][	17	][	0	][	8	][	18	]
============ Room: D2 Capacity: 50 ============
[	0	][	0	][	29	][	0	][	157	]
[	27	][	0	][	5	][	77	][	0	]
[	137	][	3	][	0	][	38	][	0	]
[	93	][	0	][	0	][	0	][	70	]
============ Room: D3 Capacity: 50 ============
[	123	][	0	][	0	][	0	][	28	]
[	0	][	159	][	0	][	138	][	0	]
[	0	][	0	][	0	][	90	][	0	]
[	144	][	0	][	74	][	131	][	6	]
============ Room: D45 Capacity: 40 ============
[	0	][	0	][	0	][	73	][	146	]
[	0	][	7	][	98	][	0	][	145	]
[	30	][	0	][	136	][	133	][	0	]
[	143	][	0	][	0	][	0	][	0	]
============ Room: D46 Capacity: 40 ============
[	0	][	0	][	61	][	95	][	0	]
[	139	][	0	][	0	][	75	][	25	]
[	158	][	0	][	0	][	91	][	0	]
[	26	][	97	][	130	][	0	][	0	]
============ Room: E1 Capacity: 350 ============
[	0	][	1	][	89	][	0	][	72	]
[	147	][	0	][	0	][	0	][	36	]
[	71	][	128	][	64	][	0	][	116	]
[	60	][	0	][	42	][	0	][	0	]
============ Room: E35 Capacity: 40 ============
[	62	][	122	][	4	][	0	][	0	]
[	0	][	31	][	0	][	76	][	0	]
[	0	][	92	][	0	][	69	][	0	]
[	118	][	0	][	0	][	63	][	0	]
============ Room: E36 Capacity: 40 ============
[	0	][	0	][	119	][	0	][	94	]
[	0	][	0	][	96	][	32	][	0	]
[	0	][	117	][	99	][	37	][	132	]
[	0	][	0	][	121	][	0	][	0	]
============ Room: F1 Capacity: 300 ============
[	141	][	140	][	0	][	129	][	120	]
[	0	][	134	][	135	][	0	][	0	]
[	0	][	51	][	78	][	0	][	0	]
[	68	][	79	][	2	][	0	][	156	]
============ Room: SPEL Capacity: 40 ============
[	0	][	80	][	0	][	154	][	66	]
[	0	][	107	][	0	][	0	][	0	]
[	0	][	0	][	0	][	0	][	102	]
[	0	][	41	][	110	][	114	][	0	]
============ Room: SPOR Capacity: 30 ============
[	87	][	0	][	152	][	54	][	52	]
[	109	][	0	][	0	][	0	][	10	]
[	40	][	0	][	21	][	0	][	100	]
[	55	][	0	][	0	][	0	][	125	]
============ Room: MUSI Capacity: 40 ============
[	50	][	20	][	0	][	0	][	67	]
[	0	][	0	][	0	][	0	][	12	]
[	0	][	0	][	48	][	0	][	81	]
[	82	][	0	][	108	][	0	][	0	]
============ Room: ROD Capacity: 30 ============
[	46	][	0	][	0	][	14	][	0	]
[	112	][	127	][	0	][	124	][	0	]
[	105	][	33	][	19	][	9	][	151	]
[	83	][	149	][	0	][	0	][	53	]
============ Room: ORA Capacity: 30 ============
[	0	][	47	][	0	][	13	][	0	]
[	84	][	22	][	49	][	0	][	85	]
[	0	][	0	][	23	][	148	][	101	]
[	15	][	0	][	0	][	59	][	0	]
============ Room: VIO Capacity: 40 ============
[	111	][	0	][	43	][	57	][	16	]
[	115	][	0	][	150	][	0	][	0	]
[	58	][	34	][	0	][	0	][	104	]
[	39	][	0	][	0	][	155	][	103	]
============ Room: GRA Capacity: 30 ============
[	113	][	86	][	0	][	0	][	0	]
[	35	][	126	][	0	][	0	][	45	]
[	106	][	153	][	0	][	0	][	44	]
[	56	][	11	][	0	][	0	][	0	]
