Number of slots: 320
Number of events: 159
Sparseness: 0.496875

Globalit: 479
Fitness: -4	 Created: 967
Time: 968ms

Hard broken: 0
Time limit: 90000
Initialtemperature: 4.3
InitialIterations: 10
My value: -6.83E-4
Stuck limit: 2147483647
Desired fitness: -4

============ Room: D1 Capacity: 200 ============
[	120	][	0	][	51	][	0	][	0	]
[	2	][	0	][	18	][	0	][	17	]
[	0	][	0	][	0	][	0	][	0	]
[	64	][	156	][	0	][	116	][	0	]
============ Room: D2 Capacity: 50 ============
[	74	][	0	][	92	][	26	][	118	]
[	73	][	0	][	75	][	0	][	99	]
[	7	][	94	][	0	][	5	][	0	]
[	30	][	0	][	0	][	132	][	0	]
============ Room: D3 Capacity: 50 ============
[	0	][	0	][	136	][	0	][	145	]
[	123	][	137	][	0	][	0	][	0	]
[	0	][	0	][	97	][	0	][	31	]
[	158	][	143	][	130	][	61	][	0	]
============ Room: D45 Capacity: 40 ============
[	0	][	0	][	90	][	0	][	0	]
[	37	][	25	][	0	][	0	][	0	]
[	0	][	0	][	133	][	0	][	0	]
[	0	][	32	][	0	][	0	][	119	]
============ Room: D46 Capacity: 40 ============
[	0	][	0	][	6	][	0	][	159	]
[	157	][	0	][	63	][	4	][	121	]
[	0	][	0	][	0	][	0	][	0	]
[	29	][	28	][	93	][	0	][	3	]
============ Room: E1 Capacity: 350 ============
[	0	][	142	][	78	][	1	][	89	]
[	0	][	0	][	135	][	128	][	134	]
[	0	][	0	][	0	][	79	][	140	]
[	72	][	129	][	0	][	88	][	71	]
============ Room: E35 Capacity: 40 ============
[	144	][	38	][	0	][	0	][	0	]
[	0	][	0	][	76	][	0	][	0	]
[	27	][	0	][	96	][	117	][	0	]
[	0	][	0	][	0	][	0	][	0	]
============ Room: E36 Capacity: 40 ============
[	0	][	95	][	62	][	131	][	0	]
[	138	][	69	][	0	][	0	][	98	]
[	70	][	0	][	0	][	139	][	0	]
[	122	][	77	][	91	][	0	][	146	]
============ Room: F1 Capacity: 300 ============
[	0	][	147	][	0	][	42	][	60	]
[	0	][	0	][	0	][	36	][	65	]
[	0	][	8	][	0	][	0	][	0	]
[	141	][	68	][	0	][	0	][	24	]
============ Room: SPEL Capacity: 40 ============
[	41	][	0	][	0	][	0	][	0	]
[	103	][	39	][	126	][	113	][	81	]
[	48	][	0	][	0	][	110	][	0	]
[	0	][	109	][	0	][	0	][	57	]
============ Room: SPOR Capacity: 30 ============
[	0	][	0	][	21	][	127	][	16	]
[	105	][	9	][	108	][	111	][	0	]
[	106	][	150	][	149	][	56	][	55	]
[	66	][	0	][	0	][	0	][	0	]
============ Room: MUSI Capacity: 40 ============
[	0	][	0	][	0	][	114	][	34	]
[	0	][	100	][	153	][	0	][	0	]
[	0	][	49	][	84	][	23	][	13	]
[	0	][	0	][	0	][	47	][	35	]
============ Room: ROD Capacity: 30 ============
[	22	][	0	][	0	][	152	][	59	]
[	45	][	0	][	11	][	86	][	151	]
[	82	][	19	][	87	][	0	][	0	]
[	0	][	124	][	0	][	0	][	0	]
============ Room: ORA Capacity: 30 ============
[	101	][	0	][	0	][	125	][	67	]
[	0	][	50	][	0	][	0	][	0	]
[	0	][	43	][	0	][	58	][	102	]
[	54	][	0	][	0	][	154	][	0	]
============ Room: VIO Capacity: 40 ============
[	20	][	0	][	0	][	80	][	15	]
[	104	][	0	][	40	][	0	][	0	]
[	148	][	0	][	0	][	112	][	53	]
[	0	][	0	][	12	][	46	][	107	]
============ Room: GRA Capacity: 30 ============
[	0	][	0	][	155	][	0	][	0	]
[	0	][	10	][	44	][	0	][	85	]
[	0	][	0	][	33	][	0	][	52	]
[	14	][	115	][	0	][	83	][	0	]
