Number of slots: 320
Number of events: 159
Sparseness: 0.496875

Globalit: 3061
Fitness: -4	 Created: 6194
Time: 6195ms

Hard broken: 0
Time limit: 90000
Initialtemperature: 4.3
InitialIterations: 10
My value: -6.83E-4
Stuck limit: 2147483647
Desired fitness: -4

============ Room: D1 Capacity: 200 ============
[	0	][	18	][	0	][	2	][	65	]
[	42	][	129	][	72	][	0	][	60	]
[	71	][	0	][	147	][	0	][	8	]
[	0	][	0	][	24	][	134	][	17	]
============ Room: D2 Capacity: 50 ============
[	62	][	0	][	0	][	137	][	0	]
[	26	][	99	][	96	][	144	][	93	]
[	0	][	0	][	121	][	94	][	130	]
[	0	][	0	][	132	][	158	][	138	]
============ Room: D3 Capacity: 50 ============
[	0	][	0	][	25	][	0	][	0	]
[	0	][	0	][	0	][	0	][	28	]
[	0	][	29	][	0	][	0	][	0	]
[	139	][	0	][	70	][	0	][	0	]
============ Room: D45 Capacity: 40 ============
[	0	][	0	][	0	][	95	][	159	]
[	118	][	31	][	157	][	6	][	5	]
[	27	][	38	][	0	][	145	][	0	]
[	74	][	0	][	69	][	30	][	0	]
============ Room: D46 Capacity: 40 ============
[	4	][	123	][	0	][	98	][	0	]
[	0	][	61	][	0	][	77	][	0	]
[	0	][	0	][	0	][	75	][	131	]
[	119	][	0	][	0	][	0	][	90	]
============ Room: E1 Capacity: 350 ============
[	78	][	36	][	0	][	79	][	0	]
[	88	][	141	][	0	][	0	][	135	]
[	0	][	0	][	68	][	116	][	0	]
[	0	][	0	][	51	][	140	][	120	]
============ Room: E35 Capacity: 40 ============
[	133	][	146	][	0	][	0	][	0	]
[	136	][	32	][	7	][	0	][	0	]
[	0	][	37	][	0	][	76	][	0	]
[	117	][	122	][	92	][	0	][	0	]
============ Room: E36 Capacity: 40 ============
[	3	][	0	][	0	][	0	][	0	]
[	143	][	0	][	97	][	0	][	91	]
[	0	][	0	][	0	][	0	][	63	]
[	73	][	0	][	0	][	0	][	0	]
============ Room: F1 Capacity: 300 ============
[	0	][	0	][	0	][	156	][	1	]
[	0	][	0	][	0	][	89	][	0	]
[	0	][	0	][	0	][	64	][	142	]
[	0	][	128	][	0	][	0	][	0	]
============ Room: SPEL Capacity: 40 ============
[	127	][	0	][	0	][	0	][	109	]
[	0	][	150	][	23	][	41	][	0	]
[	106	][	0	][	113	][	0	][	67	]
[	52	][	0	][	0	][	49	][	59	]
============ Room: SPOR Capacity: 30 ============
[	115	][	0	][	0	][	22	][	53	]
[	87	][	84	][	126	][	155	][	85	]
[	104	][	100	][	114	][	10	][	46	]
[	0	][	55	][	13	][	0	][	0	]
============ Room: MUSI Capacity: 40 ============
[	0	][	0	][	153	][	0	][	0	]
[	149	][	45	][	48	][	0	][	54	]
[	151	][	82	][	39	][	0	][	33	]
[	14	][	56	][	0	][	103	][	0	]
============ Room: ROD Capacity: 30 ============
[	0	][	108	][	0	][	124	][	20	]
[	83	][	0	][	0	][	0	][	40	]
[	0	][	0	][	110	][	44	][	0	]
[	57	][	0	][	0	][	107	][	81	]
============ Room: ORA Capacity: 30 ============
[	111	][	0	][	35	][	58	][	112	]
[	66	][	148	][	125	][	0	][	0	]
[	0	][	9	][	50	][	0	][	0	]
[	102	][	19	][	0	][	0	][	86	]
============ Room: VIO Capacity: 40 ============
[	0	][	12	][	105	][	34	][	0	]
[	0	][	47	][	0	][	0	][	0	]
[	0	][	0	][	0	][	0	][	101	]
[	154	][	0	][	80	][	0	][	0	]
============ Room: GRA Capacity: 30 ============
[	0	][	0	][	0	][	0	][	0	]
[	0	][	16	][	0	][	0	][	0	]
[	0	][	11	][	21	][	0	][	43	]
[	0	][	152	][	0	][	0	][	15	]
