Number of slots: 320
Number of events: 159
Sparseness: 0.496875

Globalit: 2948
Fitness: -4	 Created: 5922
Time: 5922ms

Hard broken: 0
Time limit: 90000
Initialtemperature: 4.3
InitialIterations: 10
My value: -6.83E-4
Stuck limit: 2147483647
Desired fitness: -4

============ Room: D1 Capacity: 200 ============
[	0	][	1	][	147	][	0	][	8	]
[	142	][	0	][	0	][	141	][	24	]
[	79	][	0	][	71	][	0	][	78	]
[	0	][	0	][	0	][	0	][	0	]
============ Room: D2 Capacity: 50 ============
[	136	][	0	][	0	][	73	][	28	]
[	0	][	0	][	97	][	90	][	61	]
[	91	][	0	][	0	][	0	][	5	]
[	146	][	0	][	70	][	0	][	0	]
============ Room: D3 Capacity: 50 ============
[	0	][	0	][	0	][	0	][	0	]
[	131	][	0	][	95	][	92	][	0	]
[	0	][	98	][	0	][	123	][	4	]
[	26	][	0	][	0	][	157	][	0	]
============ Room: D45 Capacity: 40 ============
[	0	][	0	][	0	][	0	][	31	]
[	0	][	133	][	130	][	0	][	0	]
[	94	][	69	][	0	][	0	][	0	]
[	117	][	37	][	99	][	0	][	0	]
============ Room: D46 Capacity: 40 ============
[	119	][	0	][	144	][	0	][	0	]
[	0	][	0	][	75	][	0	][	121	]
[	145	][	0	][	0	][	0	][	0	]
[	7	][	0	][	96	][	63	][	0	]
============ Room: E1 Capacity: 350 ============
[	17	][	156	][	42	][	128	][	0	]
[	2	][	0	][	120	][	0	][	129	]
[	134	][	72	][	0	][	135	][	68	]
[	0	][	89	][	18	][	0	][	116	]
============ Room: E35 Capacity: 40 ============
[	0	][	0	][	6	][	0	][	93	]
[	62	][	159	][	25	][	0	][	143	]
[	158	][	0	][	0	][	0	][	0	]
[	137	][	0	][	32	][	0	][	0	]
============ Room: E36 Capacity: 40 ============
[	0	][	118	][	0	][	76	][	74	]
[	0	][	132	][	27	][	77	][	122	]
[	30	][	138	][	0	][	0	][	3	]
[	0	][	29	][	0	][	38	][	139	]
============ Room: F1 Capacity: 300 ============
[	36	][	0	][	0	][	64	][	0	]
[	0	][	60	][	0	][	0	][	0	]
[	0	][	140	][	0	][	0	][	88	]
[	51	][	0	][	0	][	0	][	65	]
============ Room: SPEL Capacity: 40 ============
[	0	][	0	][	0	][	0	][	0	]
[	0	][	0	][	33	][	14	][	101	]
[	0	][	48	][	0	][	0	][	0	]
[	82	][	148	][	44	][	0	][	22	]
============ Room: SPOR Capacity: 30 ============
[	13	][	103	][	0	][	126	][	0	]
[	0	][	110	][	0	][	58	][	102	]
[	16	][	23	][	0	][	57	][	19	]
[	112	][	49	][	0	][	0	][	153	]
============ Room: MUSI Capacity: 40 ============
[	0	][	0	][	0	][	67	][	0	]
[	107	][	111	][	0	][	0	][	83	]
[	66	][	0	][	0	][	0	][	45	]
[	39	][	87	][	0	][	20	][	40	]
============ Room: ROD Capacity: 30 ============
[	54	][	0	][	84	][	46	][	0	]
[	124	][	80	][	0	][	0	][	52	]
[	11	][	0	][	150	][	109	][	0	]
[	0	][	125	][	0	][	0	][	0	]
============ Room: ORA Capacity: 30 ============
[	0	][	106	][	0	][	0	][	0	]
[	35	][	43	][	0	][	55	][	0	]
[	0	][	41	][	114	][	0	][	0	]
[	86	][	12	][	152	][	53	][	105	]
============ Room: VIO Capacity: 40 ============
[	0	][	104	][	113	][	155	][	0	]
[	0	][	127	][	59	][	0	][	9	]
[	0	][	0	][	0	][	115	][	0	]
[	0	][	0	][	0	][	56	][	0	]
============ Room: GRA Capacity: 30 ============
[	85	][	34	][	0	][	21	][	0	]
[	0	][	0	][	0	][	0	][	0	]
[	50	][	47	][	10	][	108	][	154	]
[	151	][	149	][	81	][	15	][	100	]
