Number of slots: 320
Number of events: 159
Sparseness: 0.496875

Globalit: 1535
Fitness: -4	 Created: 2994
Time: 2994ms

Hard broken: 0
Time limit: 90000
Initialtemperature: 4.3
InitialIterations: 10
My value: -6.83E-4
Stuck limit: 2147483647
Desired fitness: -4

============ Room: D1 Capacity: 200 ============
[	0	][	68	][	0	][	0	][	0	]
[	0	][	0	][	0	][	0	][	0	]
[	147	][	116	][	0	][	0	][	140	]
[	0	][	36	][	18	][	17	][	0	]
============ Room: D2 Capacity: 50 ============
[	0	][	121	][	122	][	0	][	0	]
[	0	][	131	][	0	][	0	][	117	]
[	0	][	0	][	0	][	26	][	0	]
[	0	][	0	][	119	][	90	][	0	]
============ Room: D3 Capacity: 50 ============
[	0	][	132	][	6	][	0	][	0	]
[	0	][	0	][	157	][	158	][	0	]
[	0	][	69	][	0	][	61	][	0	]
[	0	][	3	][	0	][	92	][	0	]
============ Room: D45 Capacity: 40 ============
[	0	][	0	][	7	][	0	][	0	]
[	0	][	0	][	0	][	37	][	0	]
[	25	][	0	][	144	][	145	][	0	]
[	0	][	0	][	0	][	0	][	0	]
============ Room: D46 Capacity: 40 ============
[	0	][	95	][	0	][	0	][	91	]
[	29	][	0	][	28	][	96	][	0	]
[	32	][	0	][	4	][	0	][	159	]
[	76	][	0	][	0	][	93	][	0	]
============ Room: E1 Capacity: 350 ============
[	0	][	0	][	0	][	1	][	2	]
[	78	][	0	][	0	][	0	][	0	]
[	0	][	0	][	60	][	0	][	0	]
[	0	][	134	][	0	][	135	][	65	]
============ Room: E35 Capacity: 40 ============
[	27	][	97	][	30	][	146	][	0	]
[	5	][	0	][	74	][	123	][	38	]
[	0	][	130	][	0	][	73	][	70	]
[	75	][	0	][	99	][	0	][	0	]
============ Room: E36 Capacity: 40 ============
[	118	][	133	][	31	][	138	][	94	]
[	62	][	77	][	143	][	0	][	137	]
[	98	][	0	][	0	][	63	][	139	]
[	0	][	0	][	136	][	0	][	0	]
============ Room: F1 Capacity: 300 ============
[	156	][	0	][	51	][	24	][	0	]
[	128	][	120	][	88	][	141	][	0	]
[	129	][	71	][	0	][	8	][	72	]
[	142	][	42	][	79	][	64	][	89	]
============ Room: SPEL Capacity: 40 ============
[	81	][	16	][	0	][	0	][	0	]
[	150	][	0	][	0	][	0	][	21	]
[	0	][	23	][	0	][	45	][	41	]
[	43	][	0	][	58	][	151	][	0	]
============ Room: SPOR Capacity: 30 ============
[	15	][	87	][	105	][	0	][	47	]
[	0	][	0	][	33	][	83	][	13	]
[	48	][	109	][	39	][	0	][	0	]
[	101	][	82	][	0	][	0	][	0	]
============ Room: MUSI Capacity: 40 ============
[	0	][	153	][	149	][	103	][	155	]
[	125	][	111	][	57	][	0	][	0	]
[	84	][	54	][	0	][	0	][	52	]
[	12	][	85	][	11	][	55	][	14	]
============ Room: ROD Capacity: 30 ============
[	0	][	0	][	107	][	0	][	40	]
[	0	][	114	][	0	][	50	][	148	]
[	0	][	0	][	0	][	0	][	110	]
[	9	][	100	][	34	][	0	][	0	]
============ Room: ORA Capacity: 30 ============
[	113	][	0	][	0	][	0	][	124	]
[	115	][	0	][	127	][	22	][	10	]
[	0	][	0	][	0	][	126	][	0	]
[	102	][	106	][	0	][	35	][	0	]
============ Room: VIO Capacity: 40 ============
[	0	][	154	][	104	][	44	][	0	]
[	49	][	0	][	67	][	0	][	0	]
[	0	][	0	][	0	][	66	][	0	]
[	0	][	0	][	152	][	56	][	0	]
============ Room: GRA Capacity: 30 ============
[	112	][	59	][	0	][	86	][	0	]
[	108	][	46	][	0	][	19	][	53	]
[	0	][	0	][	80	][	0	][	0	]
[	0	][	0	][	0	][	0	][	20	]
