Number of slots: 320
Number of events: 159
Sparseness: 0.496875

Globalit: 995
Fitness: -4	 Created: 1940
Time: 1941ms

Hard broken: 0
Time limit: 90000
Initialtemperature: 4.3
InitialIterations: 10
My value: -6.83E-4
Stuck limit: 2147483647
Desired fitness: -4

============ Room: D1 Capacity: 200 ============
[	78	][	0	][	64	][	79	][	0	]
[	0	][	51	][	0	][	0	][	60	]
[	0	][	0	][	8	][	0	][	0	]
[	0	][	135	][	0	][	0	][	134	]
============ Room: D2 Capacity: 50 ============
[	144	][	0	][	0	][	117	][	0	]
[	133	][	3	][	0	][	0	][	0	]
[	0	][	62	][	0	][	138	][	4	]
[	97	][	0	][	70	][	0	][	0	]
============ Room: D3 Capacity: 50 ============
[	0	][	0	][	0	][	28	][	0	]
[	143	][	27	][	158	][	76	][	131	]
[	74	][	136	][	32	][	5	][	96	]
[	139	][	0	][	69	][	92	][	61	]
============ Room: D45 Capacity: 40 ============
[	159	][	0	][	0	][	0	][	77	]
[	63	][	0	][	118	][	132	][	0	]
[	0	][	137	][	0	][	0	][	6	]
[	95	][	0	][	73	][	91	][	0	]
============ Room: D46 Capacity: 40 ============
[	0	][	90	][	0	][	0	][	75	]
[	0	][	121	][	38	][	0	][	0	]
[	99	][	0	][	0	][	37	][	0	]
[	119	][	0	][	0	][	0	][	0	]
============ Room: E1 Capacity: 350 ============
[	1	][	0	][	24	][	128	][	0	]
[	120	][	140	][	0	][	17	][	0	]
[	0	][	2	][	129	][	0	][	0	]
[	0	][	36	][	88	][	116	][	18	]
============ Room: E35 Capacity: 40 ============
[	26	][	31	][	0	][	0	][	0	]
[	0	][	0	][	0	][	0	][	123	]
[	0	][	98	][	0	][	145	][	0	]
[	146	][	30	][	29	][	93	][	0	]
============ Room: E36 Capacity: 40 ============
[	130	][	0	][	0	][	0	][	157	]
[	0	][	0	][	0	][	7	][	0	]
[	0	][	0	][	94	][	25	][	0	]
[	0	][	0	][	122	][	0	][	0	]
============ Room: F1 Capacity: 300 ============
[	89	][	0	][	0	][	142	][	0	]
[	68	][	0	][	42	][	0	][	0	]
[	147	][	156	][	0	][	71	][	72	]
[	0	][	0	][	0	][	141	][	65	]
============ Room: SPEL Capacity: 40 ============
[	0	][	0	][	0	][	0	][	0	]
[	0	][	0	][	10	][	0	][	113	]
[	39	][	84	][	0	][	109	][	55	]
[	48	][	86	][	0	][	46	][	0	]
============ Room: SPOR Capacity: 30 ============
[	0	][	81	][	80	][	0	][	16	]
[	148	][	0	][	114	][	0	][	0	]
[	0	][	35	][	0	][	0	][	0	]
[	0	][	83	][	0	][	0	][	0	]
============ Room: MUSI Capacity: 40 ============
[	56	][	15	][	101	][	108	][	115	]
[	0	][	0	][	0	][	0	][	0	]
[	0	][	0	][	0	][	52	][	58	]
[	0	][	50	][	11	][	20	][	0	]
============ Room: ROD Capacity: 30 ============
[	0	][	23	][	59	][	40	][	0	]
[	105	][	0	][	9	][	125	][	14	]
[	44	][	22	][	0	][	150	][	0	]
[	0	][	43	][	155	][	34	][	0	]
============ Room: ORA Capacity: 30 ============
[	0	][	0	][	0	][	54	][	0	]
[	106	][	102	][	112	][	104	][	57	]
[	67	][	124	][	0	][	0	][	154	]
[	41	][	85	][	0	][	149	][	100	]
============ Room: VIO Capacity: 40 ============
[	0	][	12	][	0	][	151	][	126	]
[	82	][	152	][	0	][	0	][	0	]
[	19	][	127	][	0	][	0	][	0	]
[	0	][	111	][	49	][	33	][	0	]
============ Room: GRA Capacity: 30 ============
[	0	][	153	][	0	][	0	][	66	]
[	0	][	107	][	13	][	45	][	110	]
[	0	][	0	][	21	][	53	][	0	]
[	47	][	87	][	0	][	0	][	103	]
