Number of slots: 320
Number of events: 159
Sparseness: 0.496875

Globalit: 819
Fitness: -4	 Created: 1596
Time: 1597ms

Hard broken: 0
Time limit: 90000
Initialtemperature: 4.3
InitialIterations: 10
My value: -6.83E-4
Stuck limit: 2147483647
Desired fitness: -4

============ Room: D1 Capacity: 200 ============
[	116	][	135	][	24	][	72	][	120	]
[	1	][	0	][	140	][	0	][	0	]
[	0	][	0	][	0	][	0	][	64	]
[	0	][	0	][	71	][	42	][	0	]
============ Room: D2 Capacity: 50 ============
[	0	][	0	][	99	][	0	][	0	]
[	98	][	0	][	0	][	7	][	0	]
[	0	][	138	][	0	][	63	][	25	]
[	0	][	77	][	0	][	0	][	0	]
============ Room: D3 Capacity: 50 ============
[	133	][	29	][	122	][	38	][	137	]
[	28	][	0	][	0	][	5	][	32	]
[	94	][	74	][	31	][	0	][	0	]
[	93	][	0	][	4	][	131	][	0	]
============ Room: D45 Capacity: 40 ============
[	0	][	0	][	0	][	62	][	144	]
[	117	][	90	][	0	][	118	][	0	]
[	132	][	0	][	0	][	119	][	0	]
[	0	][	0	][	0	][	0	][	123	]
============ Room: D46 Capacity: 40 ============
[	159	][	0	][	0	][	0	][	69	]
[	0	][	0	][	0	][	97	][	0	]
[	0	][	37	][	0	][	157	][	76	]
[	0	][	0	][	136	][	130	][	0	]
============ Room: E1 Capacity: 350 ============
[	0	][	0	][	0	][	0	][	0	]
[	0	][	78	][	0	][	147	][	17	]
[	0	][	89	][	79	][	18	][	0	]
[	156	][	60	][	0	][	0	][	51	]
============ Room: E35 Capacity: 40 ============
[	0	][	0	][	96	][	0	][	75	]
[	0	][	146	][	158	][	0	][	0	]
[	0	][	139	][	0	][	91	][	0	]
[	30	][	0	][	0	][	0	][	0	]
============ Room: E36 Capacity: 40 ============
[	61	][	3	][	95	][	0	][	26	]
[	0	][	92	][	121	][	6	][	0	]
[	143	][	0	][	0	][	0	][	27	]
[	0	][	145	][	0	][	70	][	73	]
============ Room: F1 Capacity: 300 ============
[	141	][	36	][	128	][	68	][	88	]
[	0	][	0	][	0	][	0	][	134	]
[	0	][	65	][	142	][	0	][	8	]
[	0	][	2	][	0	][	0	][	129	]
============ Room: SPEL Capacity: 40 ============
[	0	][	0	][	40	][	109	][	34	]
[	0	][	48	][	0	][	0	][	81	]
[	21	][	0	][	0	][	33	][	127	]
[	0	][	101	][	150	][	0	][	0	]
============ Room: SPOR Capacity: 30 ============
[	0	][	0	][	45	][	155	][	0	]
[	0	][	125	][	39	][	85	][	0	]
[	14	][	149	][	15	][	11	][	0	]
[	58	][	151	][	111	][	148	][	9	]
============ Room: MUSI Capacity: 40 ============
[	66	][	87	][	0	][	0	][	0	]
[	35	][	0	][	104	][	0	][	84	]
[	22	][	12	][	102	][	0	][	0	]
[	0	][	0	][	0	][	41	][	23	]
============ Room: ROD Capacity: 30 ============
[	0	][	114	][	0	][	0	][	0	]
[	0	][	126	][	0	][	86	][	154	]
[	0	][	0	][	0	][	0	][	110	]
[	0	][	0	][	115	][	106	][	0	]
============ Room: ORA Capacity: 30 ============
[	0	][	113	][	0	][	0	][	152	]
[	0	][	0	][	44	][	52	][	0	]
[	0	][	50	][	67	][	0	][	0	]
[	0	][	49	][	0	][	0	][	100	]
============ Room: VIO Capacity: 40 ============
[	83	][	0	][	0	][	53	][	59	]
[	0	][	16	][	0	][	0	][	108	]
[	54	][	124	][	57	][	0	][	0	]
[	0	][	0	][	47	][	0	][	107	]
============ Room: GRA Capacity: 30 ============
[	103	][	0	][	0	][	153	][	13	]
[	0	][	43	][	105	][	55	][	112	]
[	56	][	20	][	0	][	46	][	0	]
[	82	][	0	][	19	][	80	][	10	]
