Number of slots: 320
Number of events: 159
Sparseness: 0.496875

Globalit: 1617
Fitness: -4	 Created: 3279
Time: 3280ms

Hard broken: 0
Time limit: 90000
Initialtemperature: 4.3
InitialIterations: 10
My value: -6.83E-4
Stuck limit: 2147483647
Desired fitness: -4

============ Room: D1 Capacity: 200 ============
[	142	][	0	][	79	][	0	][	0	]
[	116	][	65	][	0	][	0	][	51	]
[	1	][	0	][	2	][	68	][	72	]
[	120	][	36	][	0	][	0	][	60	]
============ Room: D2 Capacity: 50 ============
[	5	][	0	][	0	][	94	][	123	]
[	0	][	0	][	77	][	121	][	0	]
[	0	][	0	][	25	][	0	][	136	]
[	0	][	0	][	6	][	0	][	0	]
============ Room: D3 Capacity: 50 ============
[	0	][	62	][	0	][	0	][	96	]
[	0	][	139	][	0	][	0	][	0	]
[	146	][	0	][	61	][	0	][	29	]
[	97	][	91	][	69	][	0	][	32	]
============ Room: D45 Capacity: 40 ============
[	0	][	76	][	137	][	0	][	0	]
[	0	][	145	][	26	][	0	][	0	]
[	0	][	38	][	0	][	7	][	95	]
[	30	][	0	][	133	][	0	][	0	]
============ Room: D46 Capacity: 40 ============
[	0	][	144	][	70	][	92	][	131	]
[	0	][	4	][	122	][	0	][	118	]
[	0	][	0	][	0	][	0	][	0	]
[	0	][	28	][	0	][	0	][	74	]
============ Room: E1 Capacity: 350 ============
[	0	][	128	][	140	][	141	][	0	]
[	24	][	88	][	129	][	0	][	0	]
[	0	][	0	][	0	][	64	][	0	]
[	0	][	0	][	156	][	71	][	89	]
============ Room: E35 Capacity: 40 ============
[	0	][	0	][	0	][	0	][	130	]
[	75	][	138	][	37	][	0	][	63	]
[	31	][	117	][	0	][	132	][	99	]
[	98	][	0	][	27	][	0	][	159	]
============ Room: E36 Capacity: 40 ============
[	3	][	0	][	0	][	73	][	0	]
[	0	][	119	][	0	][	90	][	0	]
[	0	][	0	][	158	][	0	][	0	]
[	157	][	93	][	0	][	0	][	143	]
============ Room: F1 Capacity: 300 ============
[	0	][	0	][	18	][	8	][	0	]
[	135	][	0	][	0	][	0	][	134	]
[	0	][	0	][	0	][	78	][	0	]
[	0	][	42	][	0	][	147	][	17	]
============ Room: SPEL Capacity: 40 ============
[	80	][	58	][	54	][	0	][	0	]
[	56	][	82	][	0	][	0	][	15	]
[	49	][	14	][	0	][	0	][	124	]
[	0	][	0	][	127	][	39	][	67	]
============ Room: SPOR Capacity: 30 ============
[	100	][	11	][	0	][	34	][	0	]
[	55	][	0	][	66	][	0	][	0	]
[	102	][	0	][	0	][	0	][	0	]
[	0	][	0	][	86	][	0	][	0	]
============ Room: MUSI Capacity: 40 ============
[	107	][	110	][	33	][	126	][	0	]
[	9	][	22	][	47	][	0	][	0	]
[	19	][	0	][	0	][	111	][	0	]
[	0	][	12	][	48	][	112	][	59	]
============ Room: ROD Capacity: 30 ============
[	53	][	114	][	151	][	0	][	0	]
[	113	][	50	][	155	][	0	][	0	]
[	103	][	0	][	44	][	40	][	149	]
[	81	][	0	][	0	][	115	][	16	]
============ Room: ORA Capacity: 30 ============
[	0	][	0	][	0	][	0	][	0	]
[	150	][	0	][	105	][	0	][	0	]
[	0	][	45	][	0	][	57	][	35	]
[	0	][	152	][	109	][	0	][	10	]
============ Room: VIO Capacity: 40 ============
[	0	][	0	][	104	][	0	][	0	]
[	0	][	0	][	0	][	0	][	0	]
[	154	][	101	][	0	][	148	][	43	]
[	52	][	125	][	108	][	23	][	0	]
============ Room: GRA Capacity: 30 ============
[	21	][	0	][	0	][	0	][	83	]
[	0	][	84	][	106	][	46	][	0	]
[	0	][	20	][	41	][	0	][	0	]
[	85	][	153	][	87	][	13	][	0	]
