Number of slots: 320
Number of events: 159
Sparseness: 0.496875

Globalit: 1270
Fitness: -4	 Created: 2478
Time: 2478ms

Hard broken: 0
Time limit: 90000
Initialtemperature: 4.3
InitialIterations: 10
My value: -6.83E-4
Stuck limit: 2147483647
Desired fitness: -4

============ Room: D1 Capacity: 200 ============
[	0	][	0	][	0	][	0	][	156	]
[	120	][	2	][	72	][	140	][	129	]
[	128	][	8	][	0	][	0	][	147	]
[	24	][	0	][	0	][	71	][	0	]
============ Room: D2 Capacity: 50 ============
[	0	][	0	][	139	][	7	][	0	]
[	91	][	0	][	95	][	0	][	146	]
[	0	][	0	][	0	][	0	][	0	]
[	0	][	121	][	0	][	30	][	133	]
============ Room: D3 Capacity: 50 ============
[	0	][	0	][	0	][	3	][	0	]
[	26	][	157	][	0	][	98	][	0	]
[	0	][	131	][	0	][	143	][	0	]
[	93	][	0	][	69	][	0	][	0	]
============ Room: D45 Capacity: 40 ============
[	118	][	117	][	0	][	0	][	4	]
[	0	][	77	][	0	][	0	][	32	]
[	63	][	0	][	0	][	0	][	28	]
[	0	][	138	][	76	][	0	][	145	]
============ Room: D46 Capacity: 40 ============
[	137	][	25	][	0	][	0	][	0	]
[	74	][	0	][	97	][	96	][	31	]
[	159	][	0	][	5	][	158	][	92	]
[	75	][	0	][	0	][	37	][	0	]
============ Room: E1 Capacity: 350 ============
[	0	][	142	][	89	][	0	][	79	]
[	0	][	0	][	0	][	0	][	0	]
[	116	][	0	][	78	][	65	][	0	]
[	0	][	60	][	0	][	0	][	64	]
============ Room: E35 Capacity: 40 ============
[	99	][	38	][	0	][	0	][	0	]
[	94	][	61	][	0	][	29	][	0	]
[	0	][	0	][	70	][	144	][	0	]
[	0	][	122	][	0	][	0	][	130	]
============ Room: E36 Capacity: 40 ============
[	62	][	136	][	0	][	0	][	0	]
[	73	][	0	][	0	][	6	][	0	]
[	0	][	119	][	0	][	0	][	90	]
[	0	][	27	][	0	][	132	][	123	]
============ Room: F1 Capacity: 300 ============
[	0	][	1	][	0	][	51	][	17	]
[	0	][	36	][	68	][	135	][	0	]
[	0	][	42	][	134	][	88	][	0	]
[	0	][	0	][	18	][	141	][	0	]
============ Room: SPEL Capacity: 40 ============
[	34	][	0	][	0	][	0	][	111	]
[	0	][	0	][	0	][	45	][	0	]
[	0	][	35	][	0	][	0	][	50	]
[	15	][	66	][	148	][	14	][	0	]
============ Room: SPOR Capacity: 30 ============
[	23	][	0	][	149	][	19	][	0	]
[	43	][	108	][	46	][	0	][	0	]
[	44	][	100	][	0	][	39	][	0	]
[	0	][	10	][	0	][	55	][	114	]
============ Room: MUSI Capacity: 40 ============
[	20	][	0	][	0	][	0	][	47	]
[	0	][	56	][	0	][	126	][	58	]
[	0	][	85	][	0	][	57	][	49	]
[	0	][	87	][	101	][	12	][	153	]
============ Room: ROD Capacity: 30 ============
[	0	][	0	][	86	][	0	][	0	]
[	0	][	0	][	13	][	33	][	102	]
[	22	][	104	][	41	][	0	][	0	]
[	0	][	151	][	0	][	125	][	155	]
============ Room: ORA Capacity: 30 ============
[	16	][	0	][	54	][	115	][	0	]
[	0	][	110	][	124	][	154	][	105	]
[	0	][	0	][	113	][	59	][	0	]
[	11	][	0	][	0	][	152	][	109	]
============ Room: VIO Capacity: 40 ============
[	52	][	0	][	0	][	0	][	0	]
[	0	][	0	][	150	][	0	][	53	]
[	112	][	0	][	0	][	81	][	67	]
[	48	][	82	][	103	][	106	][	40	]
============ Room: GRA Capacity: 30 ============
[	0	][	80	][	0	][	0	][	0	]
[	0	][	0	][	0	][	83	][	84	]
[	0	][	0	][	127	][	21	][	0	]
[	0	][	107	][	9	][	0	][	0	]
