Number of slots: 320
Number of events: 159
Sparseness: 0.496875

Globalit: 3556
Fitness: -4	 Created: 6916
Time: 6918ms

Hard broken: 0
Time limit: 90000
Initialtemperature: 4.3
InitialIterations: 10
My value: -6.83E-4
Stuck limit: 2147483647
Desired fitness: -4

============ Room: D1 Capacity: 200 ============
[	0	][	71	][	0	][	1	][	141	]
[	8	][	0	][	129	][	0	][	0	]
[	42	][	0	][	120	][	142	][	0	]
[	51	][	0	][	89	][	140	][	0	]
============ Room: D2 Capacity: 50 ============
[	69	][	0	][	0	][	0	][	0	]
[	0	][	77	][	99	][	0	][	61	]
[	0	][	0	][	0	][	0	][	146	]
[	0	][	0	][	0	][	73	][	143	]
============ Room: D3 Capacity: 50 ============
[	7	][	0	][	0	][	137	][	0	]
[	0	][	0	][	29	][	0	][	0	]
[	158	][	139	][	130	][	38	][	0	]
[	6	][	0	][	0	][	118	][	0	]
============ Room: D45 Capacity: 40 ============
[	138	][	0	][	0	][	0	][	25	]
[	0	][	0	][	0	][	0	][	5	]
[	3	][	123	][	0	][	90	][	0	]
[	0	][	157	][	0	][	75	][	0	]
============ Room: D46 Capacity: 40 ============
[	91	][	0	][	0	][	94	][	93	]
[	70	][	0	][	96	][	98	][	0	]
[	37	][	32	][	0	][	92	][	119	]
[	0	][	0	][	131	][	30	][	0	]
============ Room: E1 Capacity: 350 ============
[	0	][	0	][	0	][	0	][	36	]
[	79	][	88	][	0	][	17	][	78	]
[	0	][	0	][	0	][	64	][	0	]
[	0	][	18	][	24	][	60	][	0	]
============ Room: E35 Capacity: 40 ============
[	144	][	95	][	136	][	0	][	132	]
[	117	][	0	][	122	][	145	][	31	]
[	27	][	63	][	76	][	74	][	0	]
[	97	][	0	][	121	][	28	][	159	]
============ Room: E36 Capacity: 40 ============
[	0	][	0	][	0	][	0	][	0	]
[	26	][	133	][	0	][	0	][	0	]
[	0	][	0	][	0	][	0	][	0	]
[	0	][	62	][	0	][	0	][	4	]
============ Room: F1 Capacity: 300 ============
[	0	][	0	][	72	][	68	][	0	]
[	128	][	0	][	0	][	147	][	0	]
[	0	][	0	][	65	][	156	][	135	]
[	134	][	0	][	0	][	2	][	116	]
============ Room: SPEL Capacity: 40 ============
[	0	][	0	][	10	][	151	][	127	]
[	41	][	0	][	152	][	0	][	0	]
[	125	][	0	][	46	][	0	][	0	]
[	23	][	102	][	40	][	0	][	0	]
============ Room: SPOR Capacity: 30 ============
[	34	][	0	][	39	][	0	][	126	]
[	55	][	0	][	0	][	0	][	100	]
[	0	][	148	][	0	][	0	][	45	]
[	80	][	11	][	0	][	0	][	0	]
============ Room: MUSI Capacity: 40 ============
[	86	][	0	][	0	][	0	][	0	]
[	115	][	49	][	47	][	0	][	59	]
[	111	][	12	][	0	][	53	][	0	]
[	0	][	0	][	0	][	57	][	0	]
============ Room: ROD Capacity: 30 ============
[	0	][	155	][	101	][	22	][	0	]
[	0	][	0	][	0	][	67	][	0	]
[	0	][	43	][	33	][	16	][	105	]
[	20	][	106	][	9	][	113	][	50	]
============ Room: ORA Capacity: 30 ============
[	153	][	58	][	107	][	0	][	0	]
[	0	][	0	][	66	][	0	][	103	]
[	0	][	0	][	35	][	19	][	0	]
[	124	][	0	][	14	][	108	][	48	]
============ Room: VIO Capacity: 40 ============
[	82	][	154	][	0	][	0	][	52	]
[	110	][	44	][	0	][	0	][	0	]
[	109	][	0	][	0	][	0	][	83	]
[	0	][	0	][	0	][	0	][	112	]
============ Room: GRA Capacity: 30 ============
[	0	][	13	][	104	][	0	][	150	]
[	0	][	0	][	15	][	54	][	0	]
[	84	][	0	][	114	][	0	][	149	]
[	21	][	81	][	87	][	56	][	85	]
