Number of slots: 320
Number of events: 159
Sparseness: 0.496875

Globalit: 8652
Fitness: -4	 Created: 16858
Time: 16859ms

Hard broken: 0
Time limit: 90000
Initialtemperature: 4.3
InitialIterations: 10
My value: -6.83E-4
Stuck limit: 2147483647
Desired fitness: -4

============ Room: D1 Capacity: 200 ============
[	0	][	64	][	72	][	0	][	0	]
[	142	][	0	][	0	][	0	][	17	]
[	129	][	65	][	0	][	0	][	0	]
[	0	][	51	][	0	][	18	][	1	]
============ Room: D2 Capacity: 50 ============
[	133	][	0	][	0	][	136	][	0	]
[	7	][	118	][	0	][	26	][	99	]
[	0	][	0	][	4	][	117	][	0	]
[	5	][	0	][	96	][	145	][	132	]
============ Room: D3 Capacity: 50 ============
[	0	][	27	][	25	][	0	][	0	]
[	0	][	77	][	0	][	0	][	131	]
[	0	][	0	][	0	][	0	][	69	]
[	0	][	0	][	95	][	0	][	0	]
============ Room: D45 Capacity: 40 ============
[	130	][	0	][	94	][	158	][	0	]
[	62	][	0	][	0	][	38	][	0	]
[	30	][	0	][	76	][	0	][	0	]
[	28	][	6	][	121	][	143	][	74	]
============ Room: D46 Capacity: 40 ============
[	0	][	91	][	0	][	75	][	0	]
[	0	][	0	][	139	][	73	][	123	]
[	61	][	90	][	0	][	138	][	0	]
[	0	][	0	][	0	][	144	][	0	]
============ Room: E1 Capacity: 350 ============
[	0	][	42	][	0	][	0	][	0	]
[	0	][	89	][	71	][	68	][	141	]
[	0	][	8	][	0	][	36	][	0	]
[	0	][	0	][	0	][	88	][	24	]
============ Room: E35 Capacity: 40 ============
[	0	][	0	][	70	][	0	][	157	]
[	0	][	0	][	63	][	0	][	97	]
[	0	][	0	][	0	][	0	][	122	]
[	0	][	137	][	0	][	0	][	0	]
============ Room: E36 Capacity: 40 ============
[	0	][	92	][	37	][	32	][	3	]
[	29	][	0	][	159	][	0	][	31	]
[	98	][	93	][	0	][	0	][	146	]
[	0	][	0	][	0	][	119	][	0	]
============ Room: F1 Capacity: 300 ============
[	116	][	128	][	140	][	0	][	0	]
[	0	][	60	][	0	][	135	][	147	]
[	120	][	134	][	156	][	2	][	0	]
[	0	][	78	][	79	][	0	][	0	]
============ Room: SPEL Capacity: 40 ============
[	0	][	66	][	0	][	52	][	22	]
[	0	][	149	][	54	][	0	][	0	]
[	0	][	21	][	0	][	47	][	103	]
[	105	][	108	][	46	][	9	][	0	]
============ Room: SPOR Capacity: 30 ============
[	0	][	83	][	55	][	0	][	0	]
[	151	][	11	][	35	][	0	][	0	]
[	87	][	82	][	49	][	115	][	100	]
[	0	][	0	][	0	][	53	][	148	]
============ Room: MUSI Capacity: 40 ============
[	0	][	10	][	0	][	23	][	0	]
[	67	][	0	][	0	][	124	][	86	]
[	0	][	0	][	20	][	110	][	0	]
[	0	][	112	][	0	][	84	][	39	]
============ Room: ROD Capacity: 30 ============
[	12	][	0	][	0	][	125	][	0	]
[	0	][	0	][	0	][	13	][	14	]
[	40	][	50	][	104	][	81	][	0	]
[	0	][	0	][	0	][	0	][	0	]
============ Room: ORA Capacity: 30 ============
[	58	][	80	][	0	][	56	][	0	]
[	127	][	19	][	33	][	106	][	0	]
[	48	][	0	][	0	][	152	][	85	]
[	44	][	0	][	0	][	59	][	0	]
============ Room: VIO Capacity: 40 ============
[	34	][	150	][	16	][	111	][	45	]
[	107	][	0	][	114	][	0	][	0	]
[	0	][	0	][	102	][	0	][	57	]
[	0	][	126	][	153	][	0	][	109	]
============ Room: GRA Capacity: 30 ============
[	15	][	0	][	155	][	0	][	0	]
[	0	][	0	][	0	][	0	][	0	]
[	0	][	43	][	0	][	154	][	0	]
[	101	][	41	][	0	][	0	][	113	]
