Number of slots: 320
Number of events: 159
Sparseness: 0.496875

Globalit: 2452
Fitness: -4	 Created: 4924
Time: 4925ms

Hard broken: 0
Time limit: 90000
Initialtemperature: 4.3
InitialIterations: 10
My value: -6.83E-4
Stuck limit: 2147483647
Desired fitness: -4

============ Room: D1 Capacity: 200 ============
[	0	][	140	][	8	][	0	][	0	]
[	0	][	42	][	24	][	129	][	0	]
[	64	][	1	][	71	][	0	][	0	]
[	0	][	88	][	0	][	0	][	156	]
============ Room: D2 Capacity: 50 ============
[	133	][	0	][	0	][	0	][	0	]
[	0	][	143	][	0	][	0	][	0	]
[	7	][	0	][	0	][	62	][	29	]
[	0	][	27	][	0	][	117	][	61	]
============ Room: D3 Capacity: 50 ============
[	0	][	123	][	31	][	0	][	0	]
[	0	][	138	][	159	][	95	][	91	]
[	0	][	69	][	0	][	137	][	0	]
[	96	][	77	][	121	][	0	][	0	]
============ Room: D45 Capacity: 40 ============
[	0	][	0	][	119	][	132	][	74	]
[	0	][	0	][	0	][	0	][	0	]
[	146	][	0	][	0	][	70	][	63	]
[	32	][	0	][	122	][	158	][	0	]
============ Room: D46 Capacity: 40 ============
[	0	][	38	][	99	][	76	][	0	]
[	37	][	97	][	139	][	98	][	0	]
[	0	][	30	][	3	][	0	][	0	]
[	0	][	130	][	93	][	0	][	0	]
============ Room: E1 Capacity: 350 ============
[	17	][	18	][	0	][	0	][	0	]
[	147	][	0	][	68	][	60	][	0	]
[	134	][	0	][	0	][	116	][	0	]
[	0	][	120	][	135	][	79	][	78	]
============ Room: E35 Capacity: 40 ============
[	0	][	136	][	0	][	145	][	131	]
[	0	][	0	][	118	][	0	][	0	]
[	94	][	0	][	0	][	0	][	144	]
[	6	][	73	][	90	][	0	][	0	]
============ Room: E36 Capacity: 40 ============
[	92	][	0	][	0	][	25	][	75	]
[	28	][	0	][	0	][	0	][	0	]
[	0	][	0	][	157	][	26	][	5	]
[	0	][	0	][	0	][	4	][	0	]
============ Room: F1 Capacity: 300 ============
[	0	][	0	][	0	][	36	][	0	]
[	0	][	0	][	2	][	0	][	0	]
[	72	][	0	][	89	][	0	][	0	]
[	128	][	65	][	51	][	141	][	142	]
============ Room: SPEL Capacity: 40 ============
[	0	][	0	][	0	][	113	][	0	]
[	102	][	0	][	111	][	0	][	66	]
[	47	][	85	][	0	][	43	][	0	]
[	0	][	0	][	152	][	22	][	0	]
============ Room: SPOR Capacity: 30 ============
[	0	][	0	][	81	][	0	][	0	]
[	0	][	23	][	112	][	55	][	40	]
[	41	][	101	][	21	][	44	][	82	]
[	0	][	0	][	84	][	0	][	53	]
============ Room: MUSI Capacity: 40 ============
[	11	][	105	][	0	][	115	][	0	]
[	100	][	34	][	0	][	0	][	0	]
[	0	][	0	][	0	][	33	][	126	]
[	0	][	48	][	0	][	0	][	39	]
============ Room: ROD Capacity: 30 ============
[	0	][	87	][	59	][	58	][	0	]
[	0	][	154	][	110	][	0	][	16	]
[	0	][	0	][	124	][	45	][	103	]
[	150	][	0	][	13	][	108	][	0	]
============ Room: ORA Capacity: 30 ============
[	50	][	0	][	0	][	0	][	107	]
[	57	][	86	][	109	][	0	][	54	]
[	67	][	56	][	0	][	35	][	0	]
[	0	][	0	][	0	][	0	][	0	]
============ Room: VIO Capacity: 40 ============
[	83	][	0	][	0	][	114	][	14	]
[	127	][	0	][	49	][	151	][	20	]
[	153	][	0	][	46	][	0	][	0	]
[	80	][	155	][	0	][	19	][	104	]
============ Room: GRA Capacity: 30 ============
[	0	][	0	][	148	][	149	][	52	]
[	12	][	15	][	0	][	9	][	10	]
[	0	][	0	][	0	][	0	][	106	]
[	0	][	0	][	0	][	0	][	125	]
