Number of slots: 320
Number of events: 159
Sparseness: 0.496875

Globalit: 2928
Fitness: -4	 Created: 5909
Time: 5910ms

Hard broken: 0
Time limit: 90000
Initialtemperature: 4.3
InitialIterations: 10
My value: -6.83E-4
Stuck limit: 2147483647
Desired fitness: -4

============ Room: D1 Capacity: 200 ============
[	134	][	0	][	140	][	0	][	0	]
[	120	][	0	][	88	][	0	][	135	]
[	89	][	0	][	0	][	0	][	116	]
[	42	][	141	][	68	][	142	][	65	]
============ Room: D2 Capacity: 50 ============
[	123	][	28	][	0	][	143	][	0	]
[	30	][	0	][	63	][	0	][	74	]
[	144	][	0	][	95	][	0	][	0	]
[	77	][	0	][	3	][	0	][	0	]
============ Room: D3 Capacity: 50 ============
[	0	][	0	][	117	][	0	][	4	]
[	73	][	62	][	70	][	0	][	0	]
[	131	][	0	][	96	][	0	][	75	]
[	0	][	0	][	0	][	0	][	0	]
============ Room: D45 Capacity: 40 ============
[	0	][	0	][	0	][	0	][	38	]
[	0	][	0	][	0	][	97	][	0	]
[	31	][	32	][	98	][	118	][	0	]
[	137	][	0	][	0	][	27	][	159	]
============ Room: D46 Capacity: 40 ============
[	25	][	136	][	0	][	0	][	139	]
[	0	][	0	][	0	][	130	][	0	]
[	0	][	138	][	0	][	0	][	0	]
[	145	][	7	][	5	][	91	][	29	]
============ Room: E1 Capacity: 350 ============
[	2	][	0	][	128	][	147	][	72	]
[	129	][	0	][	1	][	0	][	8	]
[	78	][	0	][	0	][	0	][	0	]
[	0	][	0	][	0	][	0	][	71	]
============ Room: E35 Capacity: 40 ============
[	0	][	119	][	76	][	93	][	90	]
[	99	][	69	][	0	][	0	][	0	]
[	26	][	157	][	0	][	0	][	132	]
[	0	][	0	][	0	][	0	][	6	]
============ Room: E36 Capacity: 40 ============
[	0	][	0	][	0	][	37	][	158	]
[	0	][	122	][	0	][	146	][	0	]
[	61	][	0	][	0	][	133	][	0	]
[	0	][	92	][	121	][	94	][	0	]
============ Room: F1 Capacity: 300 ============
[	60	][	0	][	36	][	0	][	24	]
[	156	][	79	][	0	][	18	][	17	]
[	51	][	64	][	0	][	0	][	0	]
[	0	][	0	][	0	][	0	][	0	]
============ Room: SPEL Capacity: 40 ============
[	44	][	106	][	15	][	49	][	52	]
[	0	][	0	][	0	][	0	][	0	]
[	13	][	0	][	54	][	114	][	0	]
[	0	][	43	][	0	][	0	][	0	]
============ Room: SPOR Capacity: 30 ============
[	150	][	101	][	19	][	87	][	0	]
[	0	][	151	][	0	][	66	][	152	]
[	0	][	86	][	59	][	14	][	12	]
[	0	][	0	][	112	][	0	][	40	]
============ Room: MUSI Capacity: 40 ============
[	0	][	0	][	103	][	0	][	0	]
[	0	][	55	][	0	][	126	][	153	]
[	0	][	0	][	0	][	22	][	10	]
[	100	][	0	][	39	][	0	][	0	]
============ Room: ROD Capacity: 30 ============
[	0	][	102	][	0	][	125	][	0	]
[	0	][	56	][	33	][	0	][	0	]
[	0	][	110	][	53	][	35	][	34	]
[	0	][	82	][	113	][	84	][	0	]
============ Room: ORA Capacity: 30 ============
[	0	][	0	][	0	][	0	][	0	]
[	0	][	0	][	0	][	67	][	108	]
[	0	][	0	][	0	][	149	][	20	]
[	0	][	23	][	81	][	83	][	127	]
============ Room: VIO Capacity: 40 ============
[	45	][	155	][	0	][	0	][	124	]
[	0	][	115	][	46	][	48	][	111	]
[	154	][	0	][	0	][	11	][	109	]
[	104	][	21	][	58	][	9	][	107	]
============ Room: GRA Capacity: 30 ============
[	0	][	105	][	148	][	47	][	0	]
[	57	][	0	][	0	][	41	][	0	]
[	0	][	80	][	0	][	0	][	50	]
[	0	][	85	][	0	][	16	][	0	]
