Number of slots: 320
Number of events: 159
Sparseness: 0.496875

Globalit: 2598
Fitness: -4	 Created: 5225
Time: 5226ms

Hard broken: 0
Time limit: 90000
Initialtemperature: 4.3
InitialIterations: 10
My value: -6.83E-4
Stuck limit: 2147483647
Desired fitness: -4

============ Room: D1 Capacity: 200 ============
[	65	][	0	][	0	][	0	][	36	]
[	0	][	8	][	0	][	0	][	0	]
[	24	][	71	][	134	][	116	][	135	]
[	2	][	0	][	0	][	0	][	64	]
============ Room: D2 Capacity: 50 ============
[	137	][	0	][	0	][	0	][	0	]
[	96	][	0	][	123	][	0	][	0	]
[	0	][	0	][	76	][	28	][	0	]
[	26	][	77	][	136	][	157	][	0	]
============ Room: D3 Capacity: 50 ============
[	7	][	97	][	0	][	0	][	0	]
[	31	][	63	][	133	][	0	][	146	]
[	0	][	0	][	0	][	0	][	0	]
[	159	][	94	][	30	][	6	][	0	]
============ Room: D45 Capacity: 40 ============
[	0	][	0	][	0	][	91	][	139	]
[	0	][	29	][	145	][	0	][	0	]
[	90	][	37	][	3	][	0	][	0	]
[	70	][	121	][	0	][	0	][	74	]
============ Room: D46 Capacity: 40 ============
[	0	][	25	][	27	][	0	][	0	]
[	95	][	117	][	0	][	0	][	122	]
[	0	][	4	][	0	][	0	][	99	]
[	0	][	0	][	69	][	75	][	0	]
============ Room: E1 Capacity: 350 ============
[	0	][	156	][	0	][	51	][	0	]
[	0	][	0	][	1	][	141	][	89	]
[	0	][	120	][	0	][	0	][	0	]
[	0	][	0	][	0	][	68	][	129	]
============ Room: E35 Capacity: 40 ============
[	143	][	98	][	0	][	131	][	119	]
[	0	][	138	][	0	][	0	][	144	]
[	0	][	0	][	5	][	0	][	0	]
[	0	][	0	][	0	][	0	][	73	]
============ Room: E36 Capacity: 40 ============
[	0	][	0	][	0	][	93	][	0	]
[	132	][	38	][	0	][	62	][	0	]
[	118	][	130	][	158	][	0	][	0	]
[	61	][	92	][	32	][	0	][	0	]
============ Room: F1 Capacity: 300 ============
[	88	][	78	][	0	][	72	][	0	]
[	0	][	147	][	42	][	0	][	128	]
[	0	][	0	][	17	][	140	][	0	]
[	79	][	18	][	142	][	60	][	0	]
============ Room: SPEL Capacity: 40 ============
[	0	][	13	][	0	][	0	][	0	]
[	154	][	107	][	152	][	0	][	80	]
[	87	][	0	][	0	][	0	][	11	]
[	115	][	58	][	0	][	103	][	0	]
============ Room: SPOR Capacity: 30 ============
[	0	][	34	][	0	][	22	][	0	]
[	0	][	84	][	106	][	35	][	54	]
[	0	][	108	][	0	][	53	][	0	]
[	0	][	0	][	49	][	0	][	0	]
============ Room: MUSI Capacity: 40 ============
[	86	][	0	][	82	][	12	][	15	]
[	0	][	59	][	0	][	16	][	0	]
[	0	][	0	][	52	][	0	][	0	]
[	43	][	0	][	0	][	124	][	113	]
============ Room: ROD Capacity: 30 ============
[	0	][	0	][	0	][	151	][	85	]
[	45	][	0	][	0	][	0	][	23	]
[	0	][	0	][	127	][	109	][	0	]
[	0	][	0	][	0	][	50	][	48	]
============ Room: ORA Capacity: 30 ============
[	44	][	126	][	105	][	149	][	9	]
[	0	][	0	][	67	][	10	][	66	]
[	0	][	114	][	0	][	0	][	19	]
[	110	][	0	][	111	][	100	][	40	]
============ Room: VIO Capacity: 40 ============
[	0	][	57	][	0	][	0	][	148	]
[	21	][	0	][	0	][	102	][	20	]
[	0	][	0	][	56	][	55	][	0	]
[	46	][	41	][	153	][	0	][	112	]
============ Room: GRA Capacity: 30 ============
[	0	][	0	][	150	][	0	][	104	]
[	83	][	0	][	33	][	125	][	0	]
[	0	][	0	][	101	][	81	][	39	]
[	0	][	14	][	155	][	0	][	47	]
