Number of slots: 320
Number of events: 159
Sparseness: 0.496875

Globalit: 2348
Fitness: -4	 Created: 4562
Time: 4563ms

Hard broken: 0
Time limit: 90000
Initialtemperature: 4.3
InitialIterations: 10
My value: -6.83E-4
Stuck limit: 2147483647
Desired fitness: -4

============ Room: D1 Capacity: 200 ============
[	1	][	0	][	0	][	0	][	0	]
[	0	][	71	][	0	][	89	][	0	]
[	65	][	0	][	0	][	0	][	72	]
[	128	][	79	][	142	][	78	][	0	]
============ Room: D2 Capacity: 50 ============
[	0	][	0	][	94	][	77	][	5	]
[	0	][	118	][	121	][	0	][	29	]
[	0	][	117	][	31	][	0	][	0	]
[	0	][	98	][	159	][	0	][	0	]
============ Room: D3 Capacity: 50 ============
[	76	][	139	][	0	][	0	][	0	]
[	38	][	0	][	0	][	0	][	62	]
[	0	][	0	][	69	][	73	][	0	]
[	0	][	3	][	32	][	0	][	122	]
============ Room: D45 Capacity: 40 ============
[	28	][	0	][	92	][	0	][	0	]
[	0	][	96	][	0	][	0	][	0	]
[	0	][	0	][	95	][	0	][	0	]
[	0	][	6	][	63	][	0	][	145	]
============ Room: D46 Capacity: 40 ============
[	30	][	123	][	0	][	0	][	0	]
[	0	][	132	][	0	][	133	][	61	]
[	0	][	25	][	70	][	74	][	0	]
[	93	][	0	][	0	][	0	][	0	]
============ Room: E1 Capacity: 350 ============
[	0	][	17	][	134	][	120	][	135	]
[	0	][	24	][	18	][	140	][	0	]
[	0	][	0	][	0	][	8	][	0	]
[	68	][	0	][	116	][	156	][	0	]
============ Room: E35 Capacity: 40 ============
[	0	][	91	][	158	][	97	][	90	]
[	0	][	0	][	0	][	130	][	138	]
[	136	][	144	][	27	][	146	][	143	]
[	119	][	0	][	137	][	0	][	131	]
============ Room: E36 Capacity: 40 ============
[	0	][	0	][	7	][	0	][	0	]
[	0	][	157	][	37	][	0	][	0	]
[	0	][	4	][	0	][	75	][	0	]
[	26	][	99	][	0	][	0	][	0	]
============ Room: F1 Capacity: 300 ============
[	51	][	42	][	36	][	129	][	60	]
[	141	][	0	][	64	][	0	][	147	]
[	0	][	88	][	0	][	0	][	0	]
[	0	][	0	][	0	][	0	][	2	]
============ Room: SPEL Capacity: 40 ============
[	110	][	33	][	0	][	0	][	0	]
[	11	][	12	][	80	][	0	][	82	]
[	0	][	148	][	0	][	0	][	0	]
[	0	][	0	][	67	][	0	][	153	]
============ Room: SPOR Capacity: 30 ============
[	112	][	152	][	66	][	0	][	0	]
[	54	][	52	][	0	][	50	][	100	]
[	0	][	53	][	15	][	0	][	45	]
[	44	][	150	][	0	][	35	][	102	]
============ Room: MUSI Capacity: 40 ============
[	127	][	0	][	23	][	58	][	125	]
[	0	][	0	][	109	][	0	][	0	]
[	105	][	41	][	81	][	0	][	0	]
[	83	][	0	][	103	][	115	][	0	]
============ Room: ROD Capacity: 30 ============
[	0	][	0	][	0	][	59	][	0	]
[	0	][	0	][	0	][	0	][	101	]
[	0	][	0	][	0	][	49	][	9	]
[	151	][	0	][	107	][	0	][	0	]
============ Room: ORA Capacity: 30 ============
[	0	][	0	][	55	][	0	][	48	]
[	0	][	0	][	0	][	46	][	106	]
[	13	][	57	][	0	][	126	][	34	]
[	16	][	0	][	0	][	113	][	0	]
============ Room: VIO Capacity: 40 ============
[	108	][	0	][	87	][	0	][	155	]
[	14	][	0	][	0	][	84	][	39	]
[	20	][	0	][	0	][	124	][	0	]
[	47	][	0	][	10	][	0	][	19	]
============ Room: GRA Capacity: 30 ============
[	0	][	0	][	0	][	0	][	86	]
[	149	][	56	][	0	][	85	][	43	]
[	154	][	0	][	0	][	114	][	111	]
[	40	][	22	][	104	][	21	][	0	]
