Number of slots: 320
Number of events: 159
Sparseness: 0.496875

Globalit: 3562
Fitness: -4	 Created: 6958
Time: 6958ms

Hard broken: 0
Time limit: 90000
Initialtemperature: 4.3
InitialIterations: 10
My value: -6.83E-4
Stuck limit: 2147483647
Desired fitness: -4

============ Room: D1 Capacity: 200 ============
[	0	][	0	][	0	][	128	][	0	]
[	51	][	68	][	120	][	0	][	140	]
[	0	][	0	][	0	][	60	][	134	]
[	135	][	8	][	24	][	129	][	0	]
============ Room: D2 Capacity: 50 ============
[	0	][	159	][	76	][	146	][	0	]
[	0	][	0	][	0	][	131	][	122	]
[	0	][	123	][	3	][	75	][	29	]
[	0	][	70	][	95	][	26	][	0	]
============ Room: D3 Capacity: 50 ============
[	31	][	0	][	139	][	0	][	158	]
[	0	][	74	][	157	][	0	][	0	]
[	0	][	0	][	0	][	32	][	0	]
[	0	][	61	][	98	][	97	][	145	]
============ Room: D45 Capacity: 40 ============
[	77	][	138	][	0	][	0	][	137	]
[	62	][	144	][	0	][	130	][	0	]
[	69	][	0	][	0	][	133	][	0	]
[	119	][	121	][	38	][	0	][	27	]
============ Room: D46 Capacity: 40 ============
[	91	][	7	][	0	][	0	][	0	]
[	0	][	0	][	25	][	30	][	0	]
[	0	][	0	][	0	][	6	][	37	]
[	5	][	0	][	0	][	0	][	0	]
============ Room: E1 Capacity: 350 ============
[	0	][	0	][	88	][	116	][	89	]
[	0	][	64	][	1	][	0	][	2	]
[	0	][	147	][	36	][	0	][	78	]
[	0	][	72	][	79	][	0	][	71	]
============ Room: E35 Capacity: 40 ============
[	132	][	0	][	0	][	99	][	118	]
[	73	][	92	][	63	][	0	][	136	]
[	0	][	0	][	117	][	0	][	143	]
[	0	][	0	][	0	][	0	][	0	]
============ Room: E36 Capacity: 40 ============
[	0	][	0	][	0	][	96	][	0	]
[	0	][	93	][	0	][	0	][	0	]
[	90	][	94	][	0	][	28	][	0	]
[	4	][	0	][	0	][	0	][	0	]
============ Room: F1 Capacity: 300 ============
[	0	][	0	][	0	][	156	][	0	]
[	0	][	18	][	0	][	0	][	0	]
[	0	][	0	][	17	][	0	][	65	]
[	142	][	42	][	0	][	141	][	0	]
============ Room: SPEL Capacity: 40 ============
[	152	][	113	][	12	][	0	][	10	]
[	149	][	0	][	106	][	57	][	39	]
[	125	][	0	][	0	][	0	][	151	]
[	81	][	111	][	0	][	15	][	46	]
============ Room: SPOR Capacity: 30 ============
[	0	][	82	][	0	][	13	][	0	]
[	0	][	0	][	80	][	0	][	102	]
[	19	][	0	][	0	][	0	][	0	]
[	155	][	0	][	0	][	43	][	0	]
============ Room: MUSI Capacity: 40 ============
[	0	][	85	][	49	][	0	][	0	]
[	101	][	0	][	0	][	84	][	83	]
[	154	][	0	][	54	][	66	][	100	]
[	109	][	0	][	0	][	150	][	105	]
============ Room: ROD Capacity: 30 ============
[	0	][	23	][	47	][	0	][	0	]
[	0	][	0	][	0	][	110	][	0	]
[	86	][	67	][	59	][	114	][	16	]
[	112	][	0	][	55	][	0	][	0	]
============ Room: ORA Capacity: 30 ============
[	11	][	21	][	153	][	52	][	53	]
[	9	][	34	][	0	][	0	][	0	]
[	0	][	0	][	104	][	124	][	14	]
[	58	][	0	][	0	][	87	][	45	]
============ Room: VIO Capacity: 40 ============
[	0	][	0	][	41	][	0	][	0	]
[	0	][	48	][	0	][	148	][	103	]
[	126	][	33	][	0	][	0	][	0	]
[	20	][	115	][	0	][	0	][	50	]
============ Room: GRA Capacity: 30 ============
[	0	][	44	][	40	][	0	][	56	]
[	0	][	0	][	0	][	0	][	22	]
[	0	][	0	][	107	][	127	][	0	]
[	108	][	35	][	0	][	0	][	0	]
