Number of slots: 320
Number of events: 159
Sparseness: 0.496875

Globalit: 2524
Fitness: -4	 Created: 5089
Time: 5091ms

Hard broken: 0
Time limit: 90000
Initialtemperature: 4.3
InitialIterations: 10
My value: -6.83E-4
Stuck limit: 2147483647
Desired fitness: -4

============ Room: D1 Capacity: 200 ============
[	0	][	0	][	0	][	135	][	134	]
[	0	][	120	][	88	][	0	][	0	]
[	128	][	1	][	0	][	72	][	0	]
[	0	][	129	][	0	][	141	][	0	]
============ Room: D2 Capacity: 50 ============
[	0	][	0	][	99	][	70	][	0	]
[	0	][	77	][	0	][	7	][	0	]
[	119	][	144	][	93	][	139	][	136	]
[	0	][	37	][	98	][	0	][	0	]
============ Room: D3 Capacity: 50 ============
[	0	][	3	][	6	][	0	][	0	]
[	25	][	5	][	0	][	0	][	0	]
[	0	][	0	][	0	][	0	][	0	]
[	0	][	143	][	0	][	0	][	28	]
============ Room: D45 Capacity: 40 ============
[	0	][	0	][	0	][	0	][	32	]
[	63	][	145	][	29	][	0	][	146	]
[	0	][	0	][	117	][	38	][	0	]
[	30	][	0	][	0	][	138	][	0	]
============ Room: D46 Capacity: 40 ============
[	62	][	0	][	121	][	0	][	73	]
[	0	][	158	][	0	][	95	][	133	]
[	0	][	131	][	91	][	94	][	0	]
[	137	][	0	][	122	][	0	][	74	]
============ Room: E1 Capacity: 350 ============
[	17	][	18	][	0	][	0	][	0	]
[	140	][	24	][	0	][	0	][	0	]
[	142	][	68	][	0	][	42	][	116	]
[	0	][	89	][	0	][	0	][	0	]
============ Room: E35 Capacity: 40 ============
[	123	][	61	][	96	][	76	][	0	]
[	0	][	0	][	0	][	0	][	130	]
[	0	][	27	][	0	][	92	][	0	]
[	0	][	0	][	0	][	157	][	0	]
============ Room: E36 Capacity: 40 ============
[	97	][	0	][	69	][	0	][	0	]
[	0	][	0	][	0	][	118	][	0	]
[	0	][	90	][	4	][	26	][	0	]
[	31	][	159	][	0	][	75	][	132	]
============ Room: F1 Capacity: 300 ============
[	78	][	36	][	0	][	8	][	60	]
[	147	][	51	][	65	][	0	][	156	]
[	0	][	79	][	0	][	0	][	71	]
[	0	][	0	][	64	][	2	][	0	]
============ Room: SPEL Capacity: 40 ============
[	0	][	101	][	0	][	110	][	0	]
[	126	][	0	][	0	][	0	][	127	]
[	104	][	0	][	0	][	10	][	22	]
[	0	][	87	][	0	][	0	][	153	]
============ Room: SPOR Capacity: 30 ============
[	9	][	0	][	52	][	0	][	108	]
[	109	][	0	][	41	][	56	][	0	]
[	148	][	0	][	0	][	0	][	103	]
[	15	][	23	][	0	][	57	][	0	]
============ Room: MUSI Capacity: 40 ============
[	67	][	58	][	59	][	114	][	12	]
[	39	][	0	][	0	][	152	][	100	]
[	86	][	0	][	0	][	0	][	33	]
[	82	][	20	][	0	][	35	][	102	]
============ Room: ROD Capacity: 30 ============
[	0	][	0	][	0	][	0	][	112	]
[	113	][	0	][	43	][	0	][	0	]
[	0	][	0	][	49	][	149	][	44	]
[	0	][	81	][	50	][	54	][	0	]
============ Room: ORA Capacity: 30 ============
[	0	][	150	][	0	][	47	][	0	]
[	84	][	0	][	125	][	21	][	45	]
[	0	][	40	][	0	][	0	][	0	]
[	0	][	0	][	154	][	53	][	0	]
============ Room: VIO Capacity: 40 ============
[	16	][	105	][	0	][	48	][	151	]
[	46	][	111	][	0	][	80	][	0	]
[	14	][	0	][	83	][	124	][	13	]
[	66	][	0	][	0	][	0	][	0	]
============ Room: GRA Capacity: 30 ============
[	11	][	0	][	155	][	115	][	0	]
[	0	][	0	][	0	][	0	][	85	]
[	107	][	55	][	34	][	0	][	106	]
[	0	][	0	][	19	][	0	][	0	]
