Number of slots: 320
Number of events: 159
Sparseness: 0.496875

Globalit: 689
Fitness: -4	 Created: 1391
Time: 1392ms

Hard broken: 0
Time limit: 90000
Initialtemperature: 4.3
InitialIterations: 10
My value: -6.83E-4
Stuck limit: 2147483647
Desired fitness: -4

============ Room: D1 Capacity: 200 ============
[	79	][	0	][	0	][	0	][	78	]
[	51	][	71	][	129	][	120	][	0	]
[	140	][	0	][	0	][	0	][	0	]
[	0	][	147	][	0	][	24	][	1	]
============ Room: D2 Capacity: 50 ============
[	90	][	94	][	145	][	69	][	0	]
[	0	][	30	][	95	][	0	][	62	]
[	0	][	0	][	130	][	70	][	38	]
[	131	][	0	][	0	][	0	][	0	]
============ Room: D3 Capacity: 50 ============
[	0	][	0	][	27	][	99	][	3	]
[	0	][	0	][	97	][	32	][	139	]
[	157	][	0	][	133	][	0	][	73	]
[	0	][	0	][	123	][	37	][	26	]
============ Room: D45 Capacity: 40 ============
[	61	][	143	][	0	][	0	][	0	]
[	0	][	0	][	119	][	0	][	28	]
[	0	][	91	][	0	][	121	][	75	]
[	25	][	0	][	0	][	0	][	0	]
============ Room: D46 Capacity: 40 ============
[	0	][	0	][	4	][	122	][	0	]
[	63	][	0	][	146	][	0	][	0	]
[	138	][	93	][	0	][	0	][	0	]
[	0	][	0	][	0	][	0	][	98	]
============ Room: E1 Capacity: 350 ============
[	0	][	0	][	135	][	0	][	0	]
[	8	][	0	][	0	][	17	][	141	]
[	2	][	0	][	89	][	128	][	0	]
[	0	][	18	][	156	][	72	][	0	]
============ Room: E35 Capacity: 40 ============
[	92	][	144	][	0	][	77	][	0	]
[	29	][	0	][	0	][	137	][	0	]
[	0	][	5	][	0	][	158	][	136	]
[	0	][	6	][	0	][	0	][	117	]
============ Room: E36 Capacity: 40 ============
[	118	][	0	][	0	][	76	][	0	]
[	0	][	96	][	31	][	0	][	0	]
[	0	][	0	][	0	][	0	][	74	]
[	0	][	132	][	7	][	159	][	0	]
============ Room: F1 Capacity: 300 ============
[	65	][	134	][	36	][	0	][	0	]
[	0	][	60	][	0	][	88	][	0	]
[	0	][	0	][	0	][	42	][	0	]
[	142	][	0	][	64	][	116	][	68	]
============ Room: SPEL Capacity: 40 ============
[	0	][	0	][	0	][	35	][	100	]
[	83	][	9	][	154	][	80	][	0	]
[	0	][	0	][	0	][	0	][	0	]
[	108	][	126	][	0	][	44	][	149	]
============ Room: SPOR Capacity: 30 ============
[	0	][	53	][	109	][	58	][	20	]
[	86	][	10	][	0	][	0	][	104	]
[	114	][	55	][	151	][	101	][	0	]
[	43	][	127	][	107	][	0	][	0	]
============ Room: MUSI Capacity: 40 ============
[	0	][	0	][	0	][	0	][	105	]
[	0	][	48	][	22	][	153	][	103	]
[	0	][	0	][	0	][	15	][	56	]
[	39	][	0	][	0	][	0	][	0	]
============ Room: ROD Capacity: 30 ============
[	0	][	23	][	148	][	0	][	41	]
[	0	][	14	][	0	][	45	][	0	]
[	113	][	155	][	12	][	0	][	0	]
[	81	][	0	][	82	][	0	][	0	]
============ Room: ORA Capacity: 30 ============
[	13	][	0	][	112	][	0	][	106	]
[	0	][	0	][	47	][	0	][	0	]
[	115	][	0	][	54	][	0	][	66	]
[	0	][	40	][	0	][	0	][	46	]
============ Room: VIO Capacity: 40 ============
[	49	][	0	][	85	][	16	][	102	]
[	0	][	0	][	87	][	50	][	33	]
[	124	][	21	][	150	][	0	][	19	]
[	110	][	52	][	0	][	0	][	84	]
============ Room: GRA Capacity: 30 ============
[	0	][	0	][	0	][	0	][	59	]
[	0	][	67	][	11	][	0	][	152	]
[	57	][	0	][	0	][	0	][	0	]
[	125	][	111	][	34	][	0	][	0	]
