Number of slots: 320
Number of events: 159
Sparseness: 0.496875

Globalit: 5044
Fitness: -4	 Created: 9834
Time: 9835ms

Hard broken: 0
Time limit: 90000
Initialtemperature: 4.3
InitialIterations: 10
My value: -6.83E-4
Stuck limit: 2147483647
Desired fitness: -4

============ Room: D1 Capacity: 200 ============
[	0	][	120	][	0	][	141	][	0	]
[	1	][	0	][	72	][	0	][	0	]
[	0	][	0	][	0	][	8	][	0	]
[	0	][	0	][	147	][	0	][	142	]
============ Room: D2 Capacity: 50 ============
[	0	][	0	][	159	][	131	][	0	]
[	0	][	0	][	0	][	0	][	132	]
[	0	][	69	][	133	][	0	][	31	]
[	0	][	0	][	0	][	90	][	0	]
============ Room: D3 Capacity: 50 ============
[	3	][	61	][	25	][	0	][	77	]
[	0	][	38	][	157	][	95	][	98	]
[	0	][	0	][	0	][	0	][	0	]
[	144	][	0	][	74	][	76	][	118	]
============ Room: D45 Capacity: 40 ============
[	4	][	0	][	27	][	0	][	0	]
[	62	][	0	][	0	][	0	][	143	]
[	26	][	0	][	121	][	96	][	0	]
[	0	][	91	][	73	][	0	][	0	]
============ Room: D46 Capacity: 40 ============
[	32	][	0	][	0	][	119	][	123	]
[	138	][	130	][	0	][	0	][	7	]
[	0	][	0	][	6	][	0	][	92	]
[	0	][	0	][	94	][	0	][	0	]
============ Room: E1 Capacity: 350 ============
[	51	][	42	][	60	][	0	][	0	]
[	0	][	64	][	0	][	24	][	0	]
[	135	][	0	][	0	][	18	][	0	]
[	17	][	156	][	0	][	36	][	0	]
============ Room: E35 Capacity: 40 ============
[	29	][	30	][	0	][	0	][	0	]
[	0	][	0	][	122	][	146	][	0	]
[	0	][	37	][	0	][	158	][	0	]
[	139	][	137	][	145	][	28	][	63	]
============ Room: E36 Capacity: 40 ============
[	75	][	0	][	70	][	0	][	136	]
[	97	][	0	][	0	][	0	][	0	]
[	0	][	117	][	5	][	99	][	0	]
[	0	][	93	][	0	][	0	][	0	]
============ Room: F1 Capacity: 300 ============
[	0	][	128	][	78	][	0	][	2	]
[	68	][	88	][	0	][	129	][	116	]
[	71	][	79	][	0	][	134	][	140	]
[	89	][	0	][	0	][	65	][	0	]
============ Room: SPEL Capacity: 40 ============
[	125	][	11	][	0	][	109	][	148	]
[	45	][	80	][	114	][	0	][	0	]
[	50	][	56	][	46	][	47	][	0	]
[	0	][	58	][	0	][	0	][	0	]
============ Room: SPOR Capacity: 30 ============
[	0	][	103	][	0	][	54	][	0	]
[	86	][	0	][	0	][	82	][	87	]
[	111	][	151	][	0	][	0	][	126	]
[	35	][	19	][	0	][	154	][	52	]
============ Room: MUSI Capacity: 40 ============
[	107	][	0	][	0	][	0	][	53	]
[	22	][	15	][	0	][	0	][	0	]
[	0	][	57	][	34	][	49	][	84	]
[	85	][	0	][	9	][	10	][	0	]
============ Room: ROD Capacity: 30 ============
[	153	][	0	][	40	][	16	][	105	]
[	0	][	0	][	13	][	66	][	21	]
[	108	][	0	][	100	][	0	][	0	]
[	0	][	0	][	0	][	0	][	0	]
============ Room: ORA Capacity: 30 ============
[	67	][	0	][	0	][	115	][	0	]
[	0	][	0	][	0	][	44	][	150	]
[	110	][	0	][	0	][	0	][	12	]
[	55	][	83	][	0	][	43	][	0	]
============ Room: VIO Capacity: 40 ============
[	0	][	101	][	0	][	0	][	20	]
[	0	][	127	][	0	][	0	][	0	]
[	41	][	104	][	106	][	0	][	48	]
[	149	][	0	][	0	][	14	][	23	]
============ Room: GRA Capacity: 30 ============
[	102	][	0	][	113	][	0	][	59	]
[	155	][	0	][	112	][	0	][	0	]
[	152	][	0	][	0	][	0	][	0	]
[	33	][	39	][	124	][	0	][	81	]
