Number of slots: 320
Number of events: 159
Sparseness: 0.496875

Globalit: 3083
Fitness: -4	 Created: 6328
Time: 6329ms

Hard broken: 0
Time limit: 90000
Initialtemperature: 4.3
InitialIterations: 10
My value: -6.83E-4
Stuck limit: 2147483647
Desired fitness: -4

============ Room: D1 Capacity: 200 ============
[	0	][	141	][	71	][	0	][	0	]
[	0	][	0	][	72	][	116	][	129	]
[	0	][	120	][	0	][	142	][	0	]
[	2	][	0	][	64	][	0	][	0	]
============ Room: D2 Capacity: 50 ============
[	136	][	96	][	122	][	133	][	139	]
[	0	][	137	][	91	][	0	][	0	]
[	32	][	0	][	27	][	30	][	0	]
[	73	][	0	][	90	][	0	][	7	]
============ Room: D3 Capacity: 50 ============
[	76	][	69	][	121	][	0	][	0	]
[	0	][	0	][	0	][	0	][	0	]
[	0	][	3	][	0	][	0	][	131	]
[	0	][	0	][	94	][	37	][	99	]
============ Room: D45 Capacity: 40 ============
[	0	][	0	][	0	][	145	][	0	]
[	0	][	0	][	38	][	0	][	0	]
[	0	][	97	][	0	][	0	][	119	]
[	95	][	118	][	70	][	146	][	74	]
============ Room: D46 Capacity: 40 ============
[	6	][	0	][	0	][	132	][	0	]
[	0	][	143	][	0	][	0	][	159	]
[	0	][	130	][	0	][	0	][	0	]
[	0	][	138	][	93	][	77	][	0	]
============ Room: E1 Capacity: 350 ============
[	0	][	0	][	140	][	0	][	0	]
[	42	][	8	][	0	][	79	][	78	]
[	24	][	0	][	0	][	36	][	0	]
[	147	][	0	][	18	][	17	][	0	]
============ Room: E35 Capacity: 40 ============
[	0	][	4	][	0	][	0	][	0	]
[	61	][	0	][	0	][	63	][	0	]
[	31	][	0	][	26	][	5	][	0	]
[	0	][	29	][	0	][	0	][	158	]
============ Room: E36 Capacity: 40 ============
[	0	][	0	][	0	][	0	][	28	]
[	0	][	0	][	92	][	0	][	117	]
[	157	][	0	][	25	][	123	][	0	]
[	98	][	144	][	0	][	75	][	62	]
============ Room: F1 Capacity: 300 ============
[	0	][	135	][	0	][	1	][	0	]
[	88	][	60	][	0	][	128	][	51	]
[	0	][	0	][	0	][	134	][	89	]
[	0	][	68	][	0	][	156	][	65	]
============ Room: SPEL Capacity: 40 ============
[	110	][	0	][	103	][	0	][	0	]
[	0	][	125	][	153	][	22	][	0	]
[	57	][	0	][	0	][	0	][	0	]
[	0	][	13	][	152	][	0	][	0	]
============ Room: SPOR Capacity: 30 ============
[	0	][	0	][	12	][	112	][	83	]
[	148	][	150	][	0	][	108	][	109	]
[	52	][	33	][	0	][	82	][	0	]
[	0	][	104	][	87	][	0	][	0	]
============ Room: MUSI Capacity: 40 ============
[	46	][	45	][	0	][	47	][	0	]
[	126	][	105	][	11	][	0	][	41	]
[	0	][	81	][	0	][	0	][	0	]
[	0	][	40	][	127	][	0	][	0	]
============ Room: ROD Capacity: 30 ============
[	0	][	34	][	0	][	0	][	10	]
[	80	][	0	][	124	][	55	][	0	]
[	0	][	43	][	86	][	106	][	0	]
[	59	][	0	][	0	][	113	][	0	]
============ Room: ORA Capacity: 30 ============
[	0	][	0	][	39	][	155	][	149	]
[	0	][	85	][	0	][	0	][	0	]
[	0	][	66	][	115	][	0	][	0	]
[	21	][	101	][	53	][	50	][	0	]
============ Room: VIO Capacity: 40 ============
[	111	][	0	][	44	][	0	][	102	]
[	0	][	0	][	9	][	56	][	0	]
[	58	][	67	][	14	][	0	][	0	]
[	20	][	49	][	154	][	16	][	0	]
============ Room: GRA Capacity: 30 ============
[	35	][	23	][	100	][	0	][	0	]
[	0	][	0	][	19	][	15	][	0	]
[	114	][	0	][	84	][	107	][	151	]
[	0	][	48	][	0	][	0	][	54	]
