Number of slots: 320
Number of events: 159
Sparseness: 0.496875

Globalit: 2497
Fitness: -4	 Created: 4931
Time: 4931ms

Hard broken: 0
Time limit: 90000
Initialtemperature: 4.3
InitialIterations: 10
My value: -6.83E-4
Stuck limit: 2147483647
Desired fitness: -4

============ Room: D1 Capacity: 200 ============
[	0	][	0	][	68	][	17	][	0	]
[	147	][	0	][	120	][	0	][	116	]
[	18	][	60	][	0	][	129	][	0	]
[	0	][	1	][	0	][	0	][	0	]
============ Room: D2 Capacity: 50 ============
[	37	][	139	][	0	][	0	][	0	]
[	0	][	0	][	0	][	0	][	30	]
[	0	][	0	][	0	][	0	][	0	]
[	0	][	0	][	132	][	0	][	0	]
============ Room: D3 Capacity: 50 ============
[	0	][	73	][	0	][	137	][	0	]
[	27	][	0	][	0	][	0	][	0	]
[	38	][	136	][	0	][	0	][	0	]
[	143	][	0	][	146	][	0	][	0	]
============ Room: D45 Capacity: 40 ============
[	70	][	75	][	0	][	0	][	25	]
[	26	][	69	][	76	][	61	][	94	]
[	0	][	0	][	131	][	0	][	4	]
[	3	][	0	][	117	][	99	][	29	]
============ Room: D46 Capacity: 40 ============
[	0	][	91	][	0	][	7	][	130	]
[	0	][	0	][	5	][	0	][	0	]
[	123	][	0	][	0	][	0	][	0	]
[	0	][	98	][	119	][	0	][	0	]
============ Room: E1 Capacity: 350 ============
[	0	][	24	][	36	][	0	][	71	]
[	0	][	0	][	0	][	0	][	0	]
[	51	][	42	][	0	][	88	][	0	]
[	65	][	0	][	0	][	0	][	142	]
============ Room: E35 Capacity: 40 ============
[	158	][	145	][	77	][	63	][	122	]
[	118	][	121	][	0	][	157	][	90	]
[	0	][	0	][	0	][	0	][	144	]
[	31	][	0	][	95	][	0	][	28	]
============ Room: E36 Capacity: 40 ============
[	92	][	0	][	74	][	138	][	0	]
[	0	][	0	][	133	][	6	][	0	]
[	159	][	93	][	0	][	0	][	62	]
[	32	][	96	][	97	][	0	][	0	]
============ Room: F1 Capacity: 300 ============
[	0	][	8	][	141	][	156	][	64	]
[	128	][	78	][	140	][	0	][	0	]
[	0	][	0	][	2	][	0	][	135	]
[	89	][	0	][	72	][	134	][	79	]
============ Room: SPEL Capacity: 40 ============
[	83	][	58	][	101	][	0	][	48	]
[	0	][	111	][	155	][	114	][	152	]
[	0	][	127	][	57	][	85	][	53	]
[	0	][	0	][	55	][	0	][	0	]
============ Room: SPOR Capacity: 30 ============
[	0	][	0	][	43	][	105	][	0	]
[	0	][	59	][	0	][	0	][	12	]
[	110	][	0	][	19	][	0	][	153	]
[	0	][	126	][	23	][	41	][	0	]
============ Room: MUSI Capacity: 40 ============
[	81	][	0	][	0	][	103	][	9	]
[	0	][	0	][	49	][	125	][	39	]
[	0	][	15	][	0	][	84	][	107	]
[	0	][	0	][	20	][	0	][	11	]
============ Room: ROD Capacity: 30 ============
[	87	][	0	][	45	][	100	][	0	]
[	35	][	0	][	112	][	115	][	0	]
[	0	][	0	][	154	][	0	][	0	]
[	151	][	149	][	148	][	0	][	0	]
============ Room: ORA Capacity: 30 ============
[	56	][	0	][	0	][	0	][	113	]
[	0	][	0	][	22	][	34	][	0	]
[	80	][	14	][	0	][	21	][	0	]
[	82	][	0	][	16	][	47	][	104	]
============ Room: VIO Capacity: 40 ============
[	0	][	0	][	0	][	67	][	108	]
[	50	][	109	][	0	][	54	][	0	]
[	0	][	0	][	106	][	0	][	40	]
[	52	][	86	][	0	][	66	][	0	]
============ Room: GRA Capacity: 30 ============
[	0	][	0	][	0	][	33	][	46	]
[	44	][	0	][	0	][	0	][	0	]
[	0	][	10	][	102	][	0	][	0	]
[	124	][	0	][	13	][	0	][	150	]
