Number of slots: 320
Number of events: 159
Sparseness: 0.496875

Globalit: 15325
Fitness: -4	 Created: 29835
Time: 29835ms

Hard broken: 0
Time limit: 90000
Initialtemperature: 4.3
InitialIterations: 10
My value: -6.83E-4
Stuck limit: 2147483647
Desired fitness: -4

============ Room: D1 Capacity: 200 ============
[	142	][	0	][	120	][	0	][	140	]
[	156	][	0	][	89	][	78	][	51	]
[	0	][	141	][	88	][	0	][	0	]
[	0	][	0	][	79	][	0	][	134	]
============ Room: D2 Capacity: 50 ============
[	0	][	0	][	0	][	91	][	0	]
[	144	][	0	][	0	][	0	][	132	]
[	158	][	6	][	0	][	70	][	0	]
[	74	][	98	][	0	][	0	][	99	]
============ Room: D3 Capacity: 50 ============
[	28	][	0	][	0	][	143	][	157	]
[	0	][	0	][	0	][	0	][	0	]
[	0	][	37	][	0	][	0	][	0	]
[	130	][	77	][	90	][	0	][	95	]
============ Room: D45 Capacity: 40 ============
[	3	][	0	][	0	][	0	][	133	]
[	76	][	0	][	121	][	0	][	146	]
[	136	][	38	][	0	][	5	][	32	]
[	7	][	122	][	0	][	73	][	0	]
============ Room: D46 Capacity: 40 ============
[	0	][	138	][	137	][	0	][	0	]
[	0	][	96	][	75	][	131	][	30	]
[	123	][	0	][	0	][	0	][	0	]
[	0	][	0	][	94	][	0	][	0	]
============ Room: E1 Capacity: 350 ============
[	72	][	68	][	0	][	0	][	0	]
[	0	][	0	][	0	][	42	][	0	]
[	0	][	0	][	2	][	135	][	1	]
[	64	][	0	][	0	][	65	][	0	]
============ Room: E35 Capacity: 40 ============
[	0	][	117	][	62	][	118	][	97	]
[	63	][	61	][	0	][	0	][	0	]
[	0	][	0	][	31	][	0	][	26	]
[	25	][	0	][	159	][	29	][	0	]
============ Room: E36 Capacity: 40 ============
[	0	][	0	][	0	][	69	][	0	]
[	0	][	0	][	0	][	0	][	145	]
[	139	][	0	][	119	][	0	][	93	]
[	27	][	4	][	92	][	0	][	0	]
============ Room: F1 Capacity: 300 ============
[	0	][	60	][	0	][	17	][	0	]
[	18	][	0	][	36	][	0	][	0	]
[	0	][	147	][	24	][	71	][	116	]
[	0	][	129	][	128	][	0	][	8	]
============ Room: SPEL Capacity: 40 ============
[	0	][	0	][	109	][	43	][	0	]
[	0	][	16	][	0	][	103	][	154	]
[	0	][	0	][	0	][	58	][	149	]
[	57	][	0	][	23	][	0	][	82	]
============ Room: SPOR Capacity: 30 ============
[	0	][	83	][	22	][	50	][	20	]
[	10	][	54	][	66	][	0	][	0	]
[	0	][	0	][	0	][	21	][	67	]
[	0	][	0	][	124	][	0	][	126	]
============ Room: MUSI Capacity: 40 ============
[	0	][	80	][	114	][	0	][	125	]
[	0	][	0	][	151	][	148	][	0	]
[	48	][	0	][	53	][	0	][	46	]
[	111	][	153	][	0	][	14	][	0	]
============ Room: ROD Capacity: 30 ============
[	102	][	113	][	81	][	0	][	0	]
[	104	][	56	][	12	][	0	][	101	]
[	0	][	0	][	0	][	0	][	84	]
[	108	][	0	][	39	][	127	][	0	]
============ Room: ORA Capacity: 30 ============
[	47	][	0	][	0	][	0	][	0	]
[	15	][	0	][	0	][	0	][	0	]
[	0	][	0	][	0	][	106	][	86	]
[	0	][	44	][	40	][	45	][	0	]
============ Room: VIO Capacity: 40 ============
[	41	][	115	][	49	][	0	][	9	]
[	0	][	0	][	11	][	150	][	105	]
[	87	][	0	][	52	][	100	][	0	]
[	155	][	0	][	0	][	34	][	19	]
============ Room: GRA Capacity: 30 ============
[	0	][	85	][	0	][	33	][	59	]
[	35	][	152	][	0	][	107	][	13	]
[	110	][	0	][	0	][	0	][	0	]
[	0	][	0	][	0	][	112	][	55	]
