Number of slots: 320
Number of events: 159
Sparseness: 0.496875

Globalit: 3500
Fitness: -4	 Created: 6932
Time: 6934ms

Hard broken: 0
Time limit: 90000
Initialtemperature: 4.3
InitialIterations: 10
My value: -6.83E-4
Stuck limit: 2147483647
Desired fitness: -4

============ Room: D1 Capacity: 200 ============
[	134	][	0	][	65	][	0	][	88	]
[	156	][	0	][	0	][	140	][	135	]
[	89	][	0	][	0	][	142	][	147	]
[	0	][	0	][	0	][	8	][	78	]
============ Room: D2 Capacity: 50 ============
[	0	][	0	][	74	][	131	][	76	]
[	0	][	92	][	63	][	0	][	0	]
[	118	][	144	][	0	][	96	][	90	]
[	139	][	0	][	0	][	70	][	30	]
============ Room: D3 Capacity: 50 ============
[	0	][	0	][	0	][	143	][	0	]
[	0	][	130	][	136	][	3	][	95	]
[	0	][	0	][	0	][	37	][	73	]
[	145	][	138	][	0	][	0	][	146	]
============ Room: D45 Capacity: 40 ============
[	31	][	4	][	0	][	27	][	0	]
[	137	][	32	][	0	][	0	][	98	]
[	0	][	0	][	0	][	0	][	94	]
[	29	][	0	][	0	][	0	][	0	]
============ Room: D46 Capacity: 40 ============
[	158	][	133	][	75	][	0	][	26	]
[	0	][	0	][	0	][	0	][	0	]
[	0	][	159	][	7	][	62	][	61	]
[	5	][	0	][	0	][	0	][	69	]
============ Room: E1 Capacity: 350 ============
[	0	][	0	][	1	][	116	][	0	]
[	0	][	0	][	36	][	64	][	60	]
[	17	][	0	][	0	][	42	][	120	]
[	71	][	0	][	18	][	129	][	0	]
============ Room: E35 Capacity: 40 ============
[	0	][	0	][	25	][	0	][	117	]
[	93	][	0	][	119	][	0	][	0	]
[	157	][	0	][	0	][	0	][	0	]
[	0	][	28	][	0	][	0	][	0	]
============ Room: E36 Capacity: 40 ============
[	122	][	0	][	97	][	0	][	0	]
[	91	][	0	][	0	][	38	][	0	]
[	132	][	0	][	0	][	123	][	0	]
[	6	][	77	][	121	][	99	][	0	]
============ Room: F1 Capacity: 300 ============
[	0	][	51	][	0	][	0	][	128	]
[	72	][	0	][	0	][	0	][	24	]
[	68	][	2	][	141	][	79	][	0	]
[	0	][	0	][	0	][	0	][	0	]
============ Room: SPEL Capacity: 40 ============
[	107	][	0	][	0	][	108	][	34	]
[	0	][	46	][	22	][	149	][	84	]
[	56	][	0	][	81	][	12	][	0	]
[	45	][	152	][	0	][	0	][	0	]
============ Room: SPOR Capacity: 30 ============
[	102	][	0	][	0	][	0	][	49	]
[	58	][	127	][	0	][	148	][	43	]
[	0	][	57	][	0	][	0	][	10	]
[	35	][	0	][	0	][	19	][	0	]
============ Room: MUSI Capacity: 40 ============
[	0	][	150	][	0	][	48	][	33	]
[	0	][	0	][	0	][	104	][	124	]
[	0	][	52	][	0	][	0	][	23	]
[	44	][	0	][	110	][	55	][	113	]
============ Room: ROD Capacity: 30 ============
[	82	][	0	][	0	][	39	][	47	]
[	16	][	85	][	0	][	87	][	80	]
[	59	][	0	][	0	][	66	][	41	]
[	114	][	0	][	154	][	125	][	112	]
============ Room: ORA Capacity: 30 ============
[	0	][	126	][	0	][	0	][	0	]
[	0	][	83	][	100	][	0	][	15	]
[	11	][	0	][	0	][	0	][	40	]
[	0	][	101	][	9	][	0	][	0	]
============ Room: VIO Capacity: 40 ============
[	13	][	115	][	50	][	0	][	0	]
[	0	][	0	][	105	][	103	][	0	]
[	0	][	106	][	111	][	0	][	0	]
[	0	][	53	][	67	][	0	][	14	]
============ Room: GRA Capacity: 30 ============
[	0	][	0	][	0	][	109	][	0	]
[	0	][	0	][	151	][	0	][	0	]
[	0	][	86	][	21	][	155	][	0	]
[	153	][	54	][	0	][	20	][	0	]
