Number of slots: 320
Number of events: 159
Sparseness: 0.496875

Globalit: 6549
Fitness: -4	 Created: 12679
Time: 12681ms

Hard broken: 0
Time limit: 90000
Initialtemperature: 4.3
InitialIterations: 10
My value: -6.83E-4
Stuck limit: 2147483647
Desired fitness: -4

============ Room: D1 Capacity: 200 ============
[	134	][	0	][	0	][	0	][	71	]
[	79	][	0	][	135	][	116	][	78	]
[	0	][	0	][	120	][	72	][	0	]
[	140	][	0	][	0	][	0	][	0	]
============ Room: D2 Capacity: 50 ============
[	0	][	0	][	0	][	0	][	117	]
[	0	][	145	][	5	][	0	][	0	]
[	0	][	139	][	0	][	0	][	118	]
[	0	][	0	][	0	][	28	][	92	]
============ Room: D3 Capacity: 50 ============
[	0	][	76	][	0	][	0	][	133	]
[	69	][	38	][	0	][	99	][	0	]
[	0	][	136	][	61	][	30	][	0	]
[	0	][	0	][	159	][	0	][	131	]
============ Room: D45 Capacity: 40 ============
[	0	][	0	][	62	][	0	][	0	]
[	158	][	0	][	144	][	97	][	25	]
[	0	][	0	][	6	][	0	][	32	]
[	0	][	0	][	77	][	0	][	0	]
============ Room: D46 Capacity: 40 ============
[	0	][	31	][	0	][	0	][	0	]
[	132	][	0	][	37	][	0	][	0	]
[	91	][	0	][	73	][	130	][	70	]
[	96	][	0	][	0	][	138	][	0	]
============ Room: E1 Capacity: 350 ============
[	51	][	89	][	0	][	0	][	0	]
[	0	][	24	][	0	][	65	][	142	]
[	60	][	0	][	156	][	88	][	64	]
[	0	][	141	][	68	][	0	][	0	]
============ Room: E35 Capacity: 40 ============
[	94	][	0	][	121	][	26	][	146	]
[	0	][	0	][	3	][	0	][	0	]
[	0	][	137	][	0	][	0	][	0	]
[	63	][	119	][	29	][	0	][	143	]
============ Room: E36 Capacity: 40 ============
[	27	][	0	][	93	][	122	][	0	]
[	157	][	0	][	0	][	95	][	4	]
[	0	][	123	][	74	][	0	][	0	]
[	98	][	7	][	0	][	90	][	75	]
============ Room: F1 Capacity: 300 ============
[	2	][	0	][	42	][	0	][	0	]
[	0	][	8	][	18	][	1	][	128	]
[	0	][	0	][	0	][	147	][	0	]
[	17	][	0	][	129	][	0	][	36	]
============ Room: SPEL Capacity: 40 ============
[	39	][	127	][	40	][	112	][	0	]
[	0	][	0	][	0	][	0	][	0	]
[	0	][	0	][	22	][	0	][	0	]
[	84	][	0	][	115	][	50	][	0	]
============ Room: SPOR Capacity: 30 ============
[	81	][	66	][	0	][	114	][	0	]
[	12	][	0	][	102	][	0	][	111	]
[	0	][	104	][	0	][	15	][	0	]
[	0	][	0	][	46	][	0	][	0	]
============ Room: MUSI Capacity: 40 ============
[	0	][	0	][	0	][	0	][	103	]
[	23	][	101	][	0	][	0	][	0	]
[	41	][	105	][	57	][	0	][	0	]
[	43	][	150	][	0	][	0	][	152	]
============ Room: ROD Capacity: 30 ============
[	0	][	21	][	19	][	52	][	0	]
[	34	][	151	][	0	][	0	][	0	]
[	10	][	149	][	0	][	13	][	55	]
[	0	][	0	][	113	][	0	][	45	]
============ Room: ORA Capacity: 30 ============
[	0	][	0	][	16	][	0	][	0	]
[	124	][	100	][	0	][	80	][	53	]
[	49	][	0	][	59	][	0	][	58	]
[	155	][	110	][	11	][	0	][	153	]
============ Room: VIO Capacity: 40 ============
[	85	][	67	][	20	][	0	][	0	]
[	0	][	0	][	56	][	0	][	109	]
[	125	][	54	][	108	][	44	][	0	]
[	0	][	33	][	126	][	83	][	0	]
============ Room: GRA Capacity: 30 ============
[	86	][	14	][	0	][	0	][	0	]
[	9	][	107	][	0	][	154	][	148	]
[	82	][	0	][	0	][	48	][	106	]
[	35	][	0	][	47	][	87	][	0	]
