Number of slots: 320
Number of events: 159
Sparseness: 0.496875

Globalit: 1443
Fitness: -4	 Created: 2926
Time: 2926ms

Hard broken: 0
Time limit: 90000
Initialtemperature: 4.3
InitialIterations: 10
My value: -6.83E-4
Stuck limit: 2147483647
Desired fitness: -4

============ Room: D1 Capacity: 200 ============
[	0	][	0	][	0	][	0	][	0	]
[	128	][	141	][	0	][	0	][	0	]
[	36	][	0	][	88	][	0	][	116	]
[	0	][	65	][	68	][	0	][	71	]
============ Room: D2 Capacity: 50 ============
[	143	][	95	][	0	][	0	][	0	]
[	0	][	0	][	6	][	73	][	0	]
[	0	][	0	][	132	][	77	][	70	]
[	90	][	0	][	0	][	130	][	94	]
============ Room: D3 Capacity: 50 ============
[	138	][	31	][	0	][	0	][	0	]
[	119	][	37	][	0	][	0	][	0	]
[	146	][	0	][	122	][	0	][	96	]
[	0	][	99	][	0	][	117	][	0	]
============ Room: D45 Capacity: 40 ============
[	145	][	0	][	0	][	157	][	133	]
[	118	][	62	][	4	][	91	][	93	]
[	0	][	0	][	0	][	0	][	25	]
[	38	][	139	][	29	][	75	][	0	]
============ Room: D46 Capacity: 40 ============
[	0	][	0	][	136	][	0	][	0	]
[	63	][	26	][	0	][	0	][	144	]
[	0	][	7	][	0	][	0	][	0	]
[	76	][	32	][	0	][	61	][	0	]
============ Room: E1 Capacity: 350 ============
[	79	][	0	][	1	][	0	][	60	]
[	0	][	135	][	42	][	0	][	129	]
[	51	][	0	][	0	][	2	][	134	]
[	0	][	72	][	120	][	0	][	0	]
============ Room: E35 Capacity: 40 ============
[	0	][	5	][	27	][	131	][	0	]
[	30	][	0	][	123	][	0	][	158	]
[	121	][	0	][	28	][	137	][	0	]
[	0	][	3	][	0	][	0	][	0	]
============ Room: E36 Capacity: 40 ============
[	0	][	97	][	0	][	0	][	0	]
[	74	][	0	][	0	][	92	][	0	]
[	69	][	0	][	0	][	0	][	0	]
[	0	][	98	][	0	][	0	][	159	]
============ Room: F1 Capacity: 300 ============
[	156	][	24	][	78	][	17	][	140	]
[	0	][	0	][	64	][	8	][	0	]
[	0	][	0	][	147	][	0	][	142	]
[	18	][	0	][	0	][	89	][	0	]
============ Room: SPEL Capacity: 40 ============
[	45	][	0	][	100	][	105	][	0	]
[	49	][	13	][	0	][	0	][	0	]
[	108	][	66	][	0	][	0	][	0	]
[	154	][	0	][	0	][	57	][	0	]
============ Room: SPOR Capacity: 30 ============
[	0	][	0	][	0	][	0	][	20	]
[	153	][	0	][	101	][	21	][	0	]
[	87	][	124	][	0	][	23	][	0	]
[	0	][	0	][	0	][	10	][	0	]
============ Room: MUSI Capacity: 40 ============
[	19	][	126	][	0	][	103	][	81	]
[	0	][	110	][	0	][	0	][	46	]
[	0	][	33	][	0	][	115	][	80	]
[	0	][	149	][	53	][	0	][	0	]
============ Room: ROD Capacity: 30 ============
[	0	][	0	][	55	][	0	][	152	]
[	34	][	82	][	86	][	54	][	85	]
[	0	][	106	][	0	][	50	][	52	]
[	0	][	125	][	0	][	0	][	0	]
============ Room: ORA Capacity: 30 ============
[	48	][	0	][	102	][	104	][	113	]
[	112	][	0	][	0	][	67	][	83	]
[	9	][	59	][	0	][	47	][	155	]
[	11	][	0	][	0	][	0	][	15	]
============ Room: VIO Capacity: 40 ============
[	0	][	150	][	148	][	0	][	35	]
[	0	][	0	][	0	][	58	][	41	]
[	111	][	0	][	0	][	0	][	16	]
[	127	][	44	][	40	][	0	][	0	]
============ Room: GRA Capacity: 30 ============
[	109	][	0	][	107	][	56	][	43	]
[	0	][	0	][	0	][	0	][	39	]
[	12	][	0	][	14	][	0	][	84	]
[	0	][	22	][	114	][	151	][	0	]
