Number of slots: 320
Number of events: 159
Sparseness: 0.496875

Globalit: 1370
Fitness: -4	 Created: 2733
Time: 2733ms

Hard broken: 0
Time limit: 90000
Initialtemperature: 4.3
InitialIterations: 10
My value: -6.83E-4
Stuck limit: 2147483647
Desired fitness: -4

============ Room: D1 Capacity: 200 ============
[	135	][	134	][	24	][	17	][	0	]
[	0	][	18	][	0	][	64	][	0	]
[	0	][	0	][	0	][	8	][	36	]
[	0	][	65	][	0	][	0	][	0	]
============ Room: D2 Capacity: 50 ============
[	0	][	61	][	0	][	0	][	0	]
[	0	][	0	][	146	][	0	][	0	]
[	0	][	70	][	118	][	0	][	157	]
[	0	][	0	][	0	][	77	][	117	]
============ Room: D3 Capacity: 50 ============
[	91	][	0	][	0	][	122	][	95	]
[	144	][	4	][	0	][	0	][	0	]
[	121	][	0	][	159	][	25	][	130	]
[	0	][	0	][	0	][	73	][	0	]
============ Room: D45 Capacity: 40 ============
[	94	][	30	][	0	][	0	][	0	]
[	139	][	63	][	0	][	0	][	5	]
[	0	][	29	][	0	][	0	][	0	]
[	6	][	145	][	93	][	143	][	0	]
============ Room: D46 Capacity: 40 ============
[	0	][	0	][	123	][	0	][	0	]
[	0	][	74	][	119	][	97	][	62	]
[	92	][	28	][	0	][	158	][	0	]
[	26	][	32	][	0	][	75	][	0	]
============ Room: E1 Capacity: 350 ============
[	71	][	142	][	128	][	140	][	60	]
[	116	][	0	][	1	][	78	][	0	]
[	0	][	72	][	0	][	0	][	0	]
[	79	][	0	][	68	][	129	][	0	]
============ Room: E35 Capacity: 40 ============
[	0	][	0	][	0	][	138	][	0	]
[	3	][	133	][	0	][	0	][	76	]
[	131	][	0	][	96	][	0	][	0	]
[	132	][	0	][	137	][	0	][	0	]
============ Room: E36 Capacity: 40 ============
[	0	][	0	][	99	][	69	][	0	]
[	98	][	7	][	0	][	31	][	0	]
[	0	][	38	][	0	][	136	][	0	]
[	0	][	27	][	90	][	37	][	0	]
============ Room: F1 Capacity: 300 ============
[	0	][	0	][	0	][	147	][	0	]
[	0	][	120	][	156	][	0	][	51	]
[	0	][	0	][	0	][	88	][	141	]
[	89	][	42	][	2	][	0	][	0	]
============ Room: SPEL Capacity: 40 ============
[	48	][	0	][	67	][	11	][	0	]
[	0	][	104	][	107	][	12	][	0	]
[	0	][	52	][	0	][	125	][	0	]
[	0	][	0	][	53	][	14	][	15	]
============ Room: SPOR Capacity: 30 ============
[	0	][	0	][	155	][	0	][	152	]
[	0	][	0	][	41	][	150	][	0	]
[	0	][	110	][	22	][	0	][	19	]
[	0	][	0	][	0	][	55	][	115	]
============ Room: MUSI Capacity: 40 ============
[	0	][	0	][	0	][	54	][	21	]
[	82	][	100	][	0	][	0	][	0	]
[	0	][	108	][	80	][	57	][	0	]
[	0	][	148	][	40	][	0	][	0	]
============ Room: ROD Capacity: 30 ============
[	35	][	109	][	43	][	85	][	126	]
[	87	][	103	][	0	][	124	][	0	]
[	83	][	0	][	0	][	33	][	0	]
[	49	][	114	][	0	][	0	][	34	]
============ Room: ORA Capacity: 30 ============
[	0	][	0	][	66	][	106	][	0	]
[	0	][	0	][	102	][	47	][	154	]
[	153	][	0	][	0	][	0	][	16	]
[	45	][	0	][	20	][	23	][	46	]
============ Room: VIO Capacity: 40 ============
[	10	][	0	][	50	][	58	][	127	]
[	86	][	101	][	0	][	0	][	0	]
[	0	][	0	][	44	][	0	][	84	]
[	151	][	112	][	39	][	0	][	149	]
============ Room: GRA Capacity: 30 ============
[	0	][	0	][	0	][	81	][	0	]
[	0	][	105	][	0	][	0	][	113	]
[	59	][	9	][	0	][	0	][	111	]
[	0	][	13	][	56	][	0	][	0	]
