Number of slots: 320
Number of events: 159
Sparseness: 0.496875

Globalit: 955
Fitness: -4	 Created: 2338
Time: 2339ms

Hard broken: 0
Time limit: 90000
Initialtemperature: 4.3
InitialIterations: 10
My value: -6.83E-4
Stuck limit: 2147483647
Desired fitness: -4

============ Room: D1 Capacity: 200 ============
[	36	][	89	][	0	][	0	][	24	]
[	0	][	18	][	0	][	120	][	0	]
[	135	][	0	][	0	][	1	][	0	]
[	142	][	0	][	0	][	116	][	17	]
============ Room: D2 Capacity: 50 ============
[	0	][	0	][	98	][	0	][	0	]
[	158	][	0	][	28	][	0	][	31	]
[	0	][	0	][	0	][	0	][	92	]
[	76	][	143	][	0	][	0	][	0	]
============ Room: D3 Capacity: 50 ============
[	0	][	0	][	95	][	0	][	94	]
[	0	][	70	][	0	][	146	][	159	]
[	0	][	0	][	0	][	130	][	90	]
[	0	][	123	][	0	][	0	][	122	]
============ Room: D45 Capacity: 40 ============
[	93	][	0	][	99	][	0	][	119	]
[	77	][	137	][	0	][	6	][	26	]
[	69	][	7	][	61	][	133	][	0	]
[	91	][	30	][	3	][	0	][	0	]
============ Room: D46 Capacity: 40 ============
[	25	][	118	][	96	][	144	][	0	]
[	62	][	0	][	37	][	0	][	0	]
[	0	][	0	][	4	][	0	][	0	]
[	0	][	139	][	117	][	145	][	0	]
============ Room: E1 Capacity: 350 ============
[	42	][	0	][	0	][	88	][	141	]
[	0	][	60	][	0	][	0	][	78	]
[	79	][	0	][	0	][	0	][	140	]
[	0	][	0	][	68	][	0	][	65	]
============ Room: E35 Capacity: 40 ============
[	0	][	0	][	0	][	0	][	0	]
[	38	][	0	][	0	][	32	][	27	]
[	0	][	0	][	0	][	29	][	132	]
[	121	][	0	][	75	][	74	][	0	]
============ Room: E36 Capacity: 40 ============
[	0	][	0	][	0	][	157	][	0	]
[	97	][	0	][	0	][	131	][	0	]
[	5	][	136	][	0	][	0	][	0	]
[	73	][	138	][	63	][	0	][	0	]
============ Room: F1 Capacity: 300 ============
[	0	][	72	][	0	][	0	][	0	]
[	128	][	8	][	129	][	0	][	2	]
[	64	][	71	][	147	][	51	][	0	]
[	0	][	0	][	0	][	134	][	156	]
============ Room: SPEL Capacity: 40 ============
[	0	][	40	][	150	][	0	][	16	]
[	0	][	0	][	0	][	58	][	0	]
[	155	][	126	][	113	][	100	][	153	]
[	39	][	0	][	102	][	0	][	0	]
============ Room: SPOR Capacity: 30 ============
[	127	][	0	][	0	][	67	][	11	]
[	53	][	82	][	114	][	0	][	0	]
[	0	][	0	][	83	][	0	][	0	]
[	0	][	54	][	103	][	49	][	0	]
============ Room: MUSI Capacity: 40 ============
[	0	][	20	][	19	][	57	][	151	]
[	125	][	0	][	0	][	22	][	109	]
[	33	][	0	][	0	][	0	][	21	]
[	0	][	56	][	0	][	66	][	105	]
============ Room: ROD Capacity: 30 ============
[	0	][	0	][	34	][	59	][	86	]
[	0	][	108	][	0	][	0	][	0	]
[	111	][	0	][	35	][	0	][	48	]
[	50	][	0	][	45	][	107	][	13	]
============ Room: ORA Capacity: 30 ============
[	152	][	10	][	0	][	87	][	0	]
[	0	][	0	][	148	][	0	][	0	]
[	0	][	23	][	0	][	0	][	80	]
[	0	][	14	][	0	][	47	][	101	]
============ Room: VIO Capacity: 40 ============
[	0	][	15	][	0	][	0	][	0	]
[	0	][	0	][	12	][	0	][	0	]
[	154	][	0	][	115	][	106	][	0	]
[	0	][	104	][	149	][	0	][	84	]
============ Room: GRA Capacity: 30 ============
[	124	][	0	][	52	][	55	][	9	]
[	0	][	41	][	0	][	112	][	43	]
[	110	][	0	][	81	][	85	][	0	]
[	44	][	0	][	46	][	0	][	0	]
