Number of slots: 320
Number of events: 159
Sparseness: 0.496875

Globalit: 2901
Fitness: -4	 Created: 5813
Time: 5815ms

Hard broken: 0
Time limit: 90000
Initialtemperature: 4.3
InitialIterations: 10
My value: -6.83E-4
Stuck limit: 2147483647
Desired fitness: -4

============ Room: D1 Capacity: 200 ============
[	134	][	24	][	0	][	0	][	120	]
[	0	][	36	][	135	][	72	][	0	]
[	140	][	78	][	0	][	0	][	51	]
[	79	][	1	][	116	][	0	][	68	]
============ Room: D2 Capacity: 50 ============
[	0	][	133	][	139	][	130	][	74	]
[	0	][	0	][	99	][	0	][	37	]
[	32	][	0	][	0	][	27	][	90	]
[	0	][	0	][	0	][	0	][	138	]
============ Room: D3 Capacity: 50 ============
[	117	][	0	][	31	][	0	][	0	]
[	26	][	0	][	121	][	157	][	30	]
[	0	][	0	][	0	][	0	][	93	]
[	7	][	28	][	0	][	0	][	0	]
============ Room: D45 Capacity: 40 ============
[	0	][	77	][	0	][	132	][	70	]
[	0	][	0	][	5	][	118	][	0	]
[	0	][	98	][	0	][	143	][	29	]
[	0	][	38	][	92	][	73	][	0	]
============ Room: D46 Capacity: 40 ============
[	0	][	76	][	0	][	0	][	0	]
[	0	][	0	][	0	][	0	][	75	]
[	91	][	97	][	0	][	123	][	119	]
[	3	][	0	][	145	][	122	][	0	]
============ Room: E1 Capacity: 350 ============
[	0	][	0	][	89	][	0	][	2	]
[	64	][	0	][	0	][	60	][	141	]
[	71	][	0	][	129	][	128	][	0	]
[	0	][	0	][	0	][	0	][	0	]
============ Room: E35 Capacity: 40 ============
[	0	][	0	][	0	][	96	][	146	]
[	0	][	131	][	0	][	0	][	0	]
[	61	][	69	][	0	][	94	][	0	]
[	63	][	0	][	0	][	95	][	137	]
============ Room: E36 Capacity: 40 ============
[	0	][	0	][	158	][	0	][	159	]
[	0	][	0	][	0	][	25	][	0	]
[	6	][	0	][	144	][	62	][	0	]
[	0	][	0	][	4	][	0	][	136	]
============ Room: F1 Capacity: 300 ============
[	0	][	8	][	18	][	0	][	0	]
[	0	][	0	][	0	][	0	][	147	]
[	0	][	42	][	88	][	0	][	156	]
[	0	][	142	][	65	][	17	][	0	]
============ Room: SPEL Capacity: 40 ============
[	19	][	115	][	0	][	0	][	0	]
[	104	][	153	][	45	][	14	][	108	]
[	0	][	34	][	0	][	0	][	0	]
[	107	][	87	][	0	][	57	][	124	]
============ Room: SPOR Capacity: 30 ============
[	0	][	125	][	81	][	46	][	105	]
[	0	][	0	][	0	][	0	][	0	]
[	22	][	0	][	85	][	10	][	0	]
[	52	][	53	][	43	][	0	][	21	]
============ Room: MUSI Capacity: 40 ============
[	0	][	126	][	0	][	66	][	0	]
[	33	][	110	][	86	][	0	][	112	]
[	0	][	0	][	0	][	154	][	0	]
[	0	][	101	][	0	][	0	][	114	]
============ Room: ROD Capacity: 30 ============
[	83	][	55	][	0	][	0	][	49	]
[	0	][	0	][	0	][	16	][	0	]
[	56	][	0	][	48	][	40	][	0	]
[	67	][	102	][	23	][	0	][	0	]
============ Room: ORA Capacity: 30 ============
[	0	][	0	][	50	][	148	][	47	]
[	103	][	0	][	0	][	0	][	0	]
[	155	][	127	][	35	][	58	][	0	]
[	0	][	0	][	0	][	11	][	0	]
============ Room: VIO Capacity: 40 ============
[	151	][	109	][	0	][	15	][	0	]
[	44	][	111	][	39	][	100	][	13	]
[	0	][	149	][	0	][	0	][	0	]
[	0	][	82	][	0	][	0	][	113	]
============ Room: GRA Capacity: 30 ============
[	106	][	150	][	80	][	0	][	0	]
[	12	][	59	][	0	][	41	][	54	]
[	0	][	20	][	0	][	0	][	84	]
[	0	][	152	][	0	][	0	][	9	]
