Number of slots: 320
Number of events: 159
Sparseness: 0.496875

Globalit: 2926
Fitness: -4	 Created: 5715
Time: 5716ms

Hard broken: 0
Time limit: 90000
Initialtemperature: 4.3
InitialIterations: 10
My value: -6.83E-4
Stuck limit: 2147483647
Desired fitness: -4

============ Room: D1 Capacity: 200 ============
[	0	][	0	][	140	][	42	][	0	]
[	1	][	0	][	0	][	0	][	147	]
[	0	][	8	][	71	][	0	][	129	]
[	0	][	0	][	0	][	0	][	116	]
============ Room: D2 Capacity: 50 ============
[	0	][	0	][	0	][	119	][	0	]
[	133	][	93	][	0	][	0	][	0	]
[	70	][	31	][	0	][	0	][	7	]
[	0	][	0	][	97	][	28	][	0	]
============ Room: D3 Capacity: 50 ============
[	0	][	0	][	0	][	0	][	144	]
[	38	][	0	][	99	][	0	][	4	]
[	92	][	123	][	136	][	76	][	0	]
[	118	][	0	][	96	][	0	][	0	]
============ Room: D45 Capacity: 40 ============
[	0	][	0	][	0	][	0	][	0	]
[	27	][	61	][	0	][	63	][	137	]
[	0	][	0	][	159	][	69	][	158	]
[	0	][	132	][	0	][	5	][	0	]
============ Room: D46 Capacity: 40 ============
[	0	][	90	][	0	][	145	][	94	]
[	25	][	0	][	73	][	0	][	0	]
[	157	][	0	][	146	][	0	][	30	]
[	0	][	0	][	0	][	32	][	131	]
============ Room: E1 Capacity: 350 ============
[	128	][	156	][	18	][	60	][	0	]
[	0	][	2	][	134	][	65	][	0	]
[	0	][	135	][	0	][	17	][	0	]
[	0	][	72	][	120	][	88	][	89	]
============ Room: E35 Capacity: 40 ============
[	6	][	91	][	0	][	0	][	0	]
[	0	][	74	][	77	][	0	][	0	]
[	0	][	0	][	0	][	0	][	117	]
[	130	][	0	][	98	][	0	][	0	]
============ Room: E36 Capacity: 40 ============
[	26	][	3	][	62	][	0	][	75	]
[	0	][	0	][	0	][	121	][	143	]
[	122	][	29	][	0	][	0	][	0	]
[	95	][	0	][	138	][	139	][	37	]
============ Room: F1 Capacity: 300 ============
[	0	][	0	][	68	][	0	][	0	]
[	0	][	142	][	0	][	36	][	0	]
[	141	][	0	][	51	][	64	][	0	]
[	24	][	0	][	79	][	78	][	0	]
============ Room: SPEL Capacity: 40 ============
[	0	][	0	][	103	][	153	][	0	]
[	0	][	0	][	10	][	0	][	57	]
[	0	][	115	][	114	][	0	][	86	]
[	16	][	113	][	49	][	126	][	0	]
============ Room: SPOR Capacity: 30 ============
[	0	][	41	][	56	][	34	][	0	]
[	102	][	54	][	0	][	0	][	0	]
[	9	][	0	][	0	][	0	][	0	]
[	0	][	111	][	0	][	0	][	0	]
============ Room: MUSI Capacity: 40 ============
[	101	][	53	][	151	][	67	][	21	]
[	45	][	125	][	39	][	0	][	0	]
[	0	][	0	][	22	][	46	][	0	]
[	0	][	0	][	0	][	0	][	0	]
============ Room: ROD Capacity: 30 ============
[	0	][	59	][	40	][	84	][	58	]
[	107	][	33	][	0	][	0	][	0	]
[	0	][	155	][	0	][	0	][	0	]
[	0	][	109	][	0	][	0	][	12	]
============ Room: ORA Capacity: 30 ============
[	100	][	0	][	106	][	0	][	11	]
[	43	][	19	][	13	][	0	][	0	]
[	0	][	50	][	0	][	0	][	44	]
[	14	][	127	][	35	][	0	][	20	]
============ Room: VIO Capacity: 40 ============
[	48	][	0	][	0	][	0	][	15	]
[	0	][	0	][	23	][	112	][	87	]
[	52	][	108	][	0	][	154	][	104	]
[	81	][	47	][	0	][	150	][	0	]
============ Room: GRA Capacity: 30 ============
[	83	][	85	][	0	][	82	][	0	]
[	124	][	55	][	0	][	0	][	0	]
[	0	][	80	][	0	][	110	][	105	]
[	152	][	149	][	66	][	0	][	148	]
