Number of slots: 320
Number of events: 159
Sparseness: 0.496875

Globalit: 9903
Fitness: -4	 Created: 19191
Time: 19191ms

Hard broken: 0
Time limit: 90000
Initialtemperature: 4.3
InitialIterations: 10
My value: -6.83E-4
Stuck limit: 2147483647
Desired fitness: -4

============ Room: D1 Capacity: 200 ============
[	0	][	0	][	36	][	140	][	0	]
[	0	][	64	][	0	][	78	][	0	]
[	79	][	120	][	141	][	0	][	0	]
[	142	][	17	][	0	][	0	][	88	]
============ Room: D2 Capacity: 50 ============
[	3	][	118	][	28	][	138	][	132	]
[	0	][	0	][	92	][	90	][	96	]
[	0	][	0	][	0	][	77	][	0	]
[	0	][	0	][	0	][	0	][	131	]
============ Room: D3 Capacity: 50 ============
[	0	][	0	][	0	][	91	][	0	]
[	0	][	0	][	0	][	37	][	0	]
[	0	][	62	][	0	][	0	][	0	]
[	123	][	0	][	93	][	0	][	0	]
============ Room: D45 Capacity: 40 ============
[	143	][	0	][	146	][	0	][	0	]
[	0	][	32	][	94	][	122	][	99	]
[	0	][	0	][	6	][	76	][	97	]
[	0	][	0	][	63	][	0	][	130	]
============ Room: D46 Capacity: 40 ============
[	0	][	0	][	0	][	0	][	27	]
[	0	][	144	][	136	][	145	][	38	]
[	117	][	133	][	0	][	0	][	98	]
[	73	][	0	][	69	][	157	][	70	]
============ Room: E1 Capacity: 350 ============
[	116	][	134	][	0	][	68	][	0	]
[	1	][	71	][	18	][	8	][	0	]
[	60	][	0	][	24	][	129	][	0	]
[	65	][	89	][	135	][	0	][	0	]
============ Room: E35 Capacity: 40 ============
[	0	][	31	][	0	][	25	][	0	]
[	0	][	0	][	75	][	0	][	119	]
[	29	][	74	][	0	][	4	][	95	]
[	0	][	0	][	121	][	0	][	26	]
============ Room: E36 Capacity: 40 ============
[	0	][	0	][	30	][	0	][	7	]
[	0	][	0	][	0	][	159	][	139	]
[	0	][	0	][	5	][	0	][	158	]
[	0	][	137	][	0	][	0	][	61	]
============ Room: F1 Capacity: 300 ============
[	0	][	0	][	72	][	0	][	0	]
[	0	][	0	][	147	][	0	][	0	]
[	51	][	156	][	128	][	0	][	0	]
[	0	][	0	][	0	][	42	][	2	]
============ Room: SPEL Capacity: 40 ============
[	111	][	0	][	0	][	127	][	87	]
[	21	][	0	][	0	][	0	][	82	]
[	153	][	107	][	48	][	19	][	54	]
[	23	][	34	][	84	][	12	][	0	]
============ Room: SPOR Capacity: 30 ============
[	112	][	57	][	0	][	83	][	0	]
[	86	][	150	][	0	][	45	][	0	]
[	0	][	0	][	44	][	108	][	11	]
[	109	][	155	][	0	][	0	][	0	]
============ Room: MUSI Capacity: 40 ============
[	0	][	0	][	0	][	0	][	100	]
[	0	][	106	][	0	][	46	][	0	]
[	41	][	0	][	104	][	0	][	0	]
[	154	][	55	][	0	][	113	][	80	]
============ Room: ROD Capacity: 30 ============
[	0	][	0	][	0	][	0	][	124	]
[	125	][	22	][	0	][	0	][	0	]
[	0	][	0	][	148	][	114	][	0	]
[	53	][	0	][	0	][	0	][	58	]
============ Room: ORA Capacity: 30 ============
[	110	][	101	][	50	][	10	][	103	]
[	0	][	15	][	0	][	0	][	14	]
[	115	][	56	][	67	][	149	][	0	]
[	0	][	126	][	0	][	0	][	0	]
============ Room: VIO Capacity: 40 ============
[	0	][	0	][	16	][	81	][	0	]
[	102	][	20	][	9	][	0	][	0	]
[	39	][	33	][	40	][	49	][	0	]
[	0	][	52	][	0	][	13	][	0	]
============ Room: GRA Capacity: 30 ============
[	0	][	85	][	152	][	0	][	0	]
[	105	][	0	][	0	][	47	][	43	]
[	0	][	0	][	151	][	0	][	59	]
[	35	][	0	][	0	][	66	][	0	]
