Number of slots: 320
Number of events: 159
Sparseness: 0.496875

Globalit: 2039
Fitness: -4	 Created: 4171
Time: 4171ms

Hard broken: 0
Time limit: 90000
Initialtemperature: 4.3
InitialIterations: 10
My value: -6.83E-4
Stuck limit: 2147483647
Desired fitness: -4

============ Room: D1 Capacity: 200 ============
[	135	][	120	][	134	][	0	][	36	]
[	51	][	0	][	116	][	0	][	128	]
[	0	][	0	][	24	][	0	][	0	]
[	129	][	0	][	156	][	0	][	0	]
============ Room: D2 Capacity: 50 ============
[	0	][	145	][	0	][	133	][	0	]
[	93	][	0	][	0	][	132	][	94	]
[	0	][	0	][	0	][	0	][	74	]
[	32	][	0	][	0	][	29	][	0	]
============ Room: D3 Capacity: 50 ============
[	5	][	69	][	0	][	0	][	0	]
[	91	][	7	][	0	][	0	][	0	]
[	90	][	130	][	98	][	6	][	0	]
[	143	][	26	][	99	][	144	][	38	]
============ Room: D45 Capacity: 40 ============
[	0	][	30	][	63	][	0	][	73	]
[	131	][	0	][	0	][	0	][	0	]
[	138	][	96	][	4	][	118	][	0	]
[	77	][	146	][	28	][	0	][	0	]
============ Room: D46 Capacity: 40 ============
[	3	][	0	][	31	][	0	][	0	]
[	0	][	0	][	76	][	0	][	92	]
[	0	][	0	][	0	][	0	][	159	]
[	0	][	0	][	97	][	0	][	0	]
============ Room: E1 Capacity: 350 ============
[	78	][	0	][	147	][	42	][	0	]
[	2	][	0	][	0	][	0	][	0	]
[	0	][	0	][	140	][	79	][	0	]
[	0	][	88	][	0	][	8	][	65	]
============ Room: E35 Capacity: 40 ============
[	0	][	139	][	25	][	0	][	123	]
[	0	][	0	][	61	][	37	][	75	]
[	0	][	0	][	122	][	70	][	137	]
[	0	][	0	][	136	][	0	][	117	]
============ Room: E36 Capacity: 40 ============
[	95	][	0	][	119	][	62	][	157	]
[	0	][	0	][	158	][	0	][	121	]
[	27	][	0	][	0	][	0	][	0	]
[	0	][	0	][	0	][	0	][	0	]
============ Room: F1 Capacity: 300 ============
[	0	][	71	][	72	][	0	][	60	]
[	0	][	0	][	0	][	1	][	0	]
[	142	][	0	][	68	][	18	][	64	]
[	0	][	0	][	141	][	89	][	17	]
============ Room: SPEL Capacity: 40 ============
[	151	][	150	][	0	][	0	][	0	]
[	19	][	66	][	0	][	0	][	154	]
[	0	][	124	][	57	][	0	][	104	]
[	114	][	13	][	0	][	43	][	0	]
============ Room: SPOR Capacity: 30 ============
[	0	][	115	][	12	][	41	][	56	]
[	0	][	126	][	16	][	87	][	0	]
[	0	][	0	][	0	][	0	][	106	]
[	54	][	125	][	0	][	0	][	113	]
============ Room: MUSI Capacity: 40 ============
[	0	][	0	][	0	][	149	][	20	]
[	21	][	0	][	109	][	84	][	0	]
[	50	][	11	][	0	][	0	][	0	]
[	22	][	82	][	0	][	0	][	0	]
============ Room: ROD Capacity: 30 ============
[	0	][	0	][	0	][	0	][	0	]
[	148	][	58	][	10	][	0	][	0	]
[	48	][	14	][	0	][	111	][	107	]
[	53	][	0	][	0	][	45	][	152	]
============ Room: ORA Capacity: 30 ============
[	67	][	44	][	100	][	101	][	0	]
[	0	][	85	][	0	][	0	][	0	]
[	0	][	47	][	40	][	112	][	0	]
[	0	][	15	][	127	][	0	][	155	]
============ Room: VIO Capacity: 40 ============
[	0	][	0	][	55	][	0	][	108	]
[	0	][	52	][	49	][	0	][	0	]
[	81	][	80	][	39	][	59	][	9	]
[	110	][	0	][	0	][	83	][	0	]
============ Room: GRA Capacity: 30 ============
[	0	][	0	][	105	][	0	][	0	]
[	0	][	0	][	0	][	103	][	34	]
[	0	][	46	][	86	][	0	][	102	]
[	23	][	0	][	35	][	33	][	153	]
