Number of slots: 320
Number of events: 159
Sparseness: 0.496875

Globalit: 730
Fitness: -4	 Created: 1460
Time: 1461ms

Hard broken: 0
Time limit: 90000
Initialtemperature: 4.3
InitialIterations: 10
My value: -6.83E-4
Stuck limit: 2147483647
Desired fitness: -4

============ Room: D1 Capacity: 200 ============
[	0	][	2	][	0	][	0	][	0	]
[	71	][	8	][	36	][	0	][	0	]
[	0	][	64	][	0	][	128	][	72	]
[	88	][	0	][	0	][	0	][	0	]
============ Room: D2 Capacity: 50 ============
[	0	][	0	][	0	][	99	][	0	]
[	70	][	0	][	137	][	0	][	0	]
[	98	][	138	][	5	][	0	][	118	]
[	157	][	0	][	6	][	27	][	131	]
============ Room: D3 Capacity: 50 ============
[	7	][	0	][	0	][	73	][	130	]
[	143	][	77	][	92	][	0	][	119	]
[	95	][	0	][	0	][	0	][	0	]
[	0	][	0	][	0	][	25	][	0	]
============ Room: D45 Capacity: 40 ============
[	0	][	0	][	0	][	0	][	0	]
[	132	][	0	][	0	][	97	][	0	]
[	62	][	0	][	76	][	0	][	159	]
[	133	][	117	][	123	][	93	][	0	]
============ Room: D46 Capacity: 40 ============
[	0	][	0	][	0	][	158	][	0	]
[	0	][	31	][	145	][	29	][	0	]
[	146	][	0	][	0	][	75	][	0	]
[	0	][	38	][	90	][	0	][	0	]
============ Room: E1 Capacity: 350 ============
[	0	][	65	][	0	][	135	][	78	]
[	0	][	89	][	116	][	0	][	42	]
[	134	][	0	][	0	][	142	][	0	]
[	0	][	79	][	0	][	0	][	147	]
============ Room: E35 Capacity: 40 ============
[	144	][	0	][	0	][	0	][	0	]
[	69	][	26	][	30	][	96	][	63	]
[	0	][	0	][	0	][	0	][	136	]
[	4	][	61	][	0	][	94	][	122	]
============ Room: E36 Capacity: 40 ============
[	3	][	32	][	0	][	0	][	0	]
[	37	][	0	][	74	][	0	][	0	]
[	0	][	0	][	28	][	0	][	0	]
[	121	][	139	][	91	][	0	][	0	]
============ Room: F1 Capacity: 300 ============
[	17	][	140	][	0	][	18	][	68	]
[	0	][	0	][	1	][	129	][	0	]
[	120	][	156	][	141	][	24	][	60	]
[	51	][	0	][	0	][	0	][	0	]
============ Room: SPEL Capacity: 40 ============
[	58	][	100	][	41	][	0	][	55	]
[	0	][	148	][	0	][	86	][	111	]
[	9	][	0	][	0	][	0	][	0	]
[	21	][	20	][	87	][	0	][	0	]
============ Room: SPOR Capacity: 30 ============
[	53	][	0	][	0	][	40	][	57	]
[	101	][	0	][	0	][	124	][	0	]
[	56	][	0	][	0	][	102	][	109	]
[	0	][	104	][	0	][	16	][	48	]
============ Room: MUSI Capacity: 40 ============
[	0	][	43	][	23	][	0	][	0	]
[	0	][	0	][	150	][	49	][	0	]
[	0	][	0	][	0	][	33	][	0	]
[	85	][	105	][	34	][	0	][	0	]
============ Room: ROD Capacity: 30 ============
[	103	][	0	][	0	][	0	][	0	]
[	0	][	0	][	66	][	47	][	39	]
[	13	][	0	][	114	][	0	][	45	]
[	82	][	0	][	67	][	0	][	110	]
============ Room: ORA Capacity: 30 ============
[	0	][	0	][	83	][	126	][	14	]
[	46	][	52	][	44	][	153	][	15	]
[	0	][	0	][	127	][	0	][	0	]
[	0	][	152	][	154	][	84	][	35	]
============ Room: VIO Capacity: 40 ============
[	107	][	106	][	0	][	50	][	0	]
[	0	][	0	][	0	][	0	][	0	]
[	0	][	80	][	0	][	0	][	11	]
[	81	][	22	][	0	][	0	][	0	]
============ Room: GRA Capacity: 30 ============
[	149	][	125	][	113	][	0	][	108	]
[	0	][	54	][	0	][	10	][	0	]
[	155	][	0	][	115	][	59	][	19	]
[	0	][	12	][	0	][	151	][	112	]
