Number of slots: 320
Number of events: 159
Sparseness: 0.496875

Globalit: 560
Fitness: -4	 Created: 1125
Time: 1127ms

Hard broken: 0
Time limit: 90000
Initialtemperature: 4.3
InitialIterations: 10
My value: -6.83E-4
Stuck limit: 2147483647
Desired fitness: -4

============ Room: D1 Capacity: 200 ============
[	0	][	17	][	0	][	0	][	0	]
[	0	][	78	][	0	][	147	][	156	]
[	120	][	135	][	0	][	79	][	134	]
[	0	][	0	][	0	][	0	][	0	]
============ Room: D2 Capacity: 50 ============
[	97	][	0	][	25	][	73	][	0	]
[	5	][	32	][	130	][	0	][	144	]
[	27	][	0	][	0	][	121	][	0	]
[	0	][	74	][	0	][	30	][	28	]
============ Room: D3 Capacity: 50 ============
[	96	][	0	][	0	][	0	][	0	]
[	0	][	94	][	0	][	29	][	0	]
[	159	][	0	][	76	][	95	][	70	]
[	63	][	26	][	0	][	0	][	0	]
============ Room: D45 Capacity: 40 ============
[	0	][	137	][	0	][	119	][	0	]
[	0	][	0	][	0	][	4	][	0	]
[	7	][	0	][	0	][	131	][	31	]
[	118	][	0	][	158	][	0	][	0	]
============ Room: D46 Capacity: 40 ============
[	0	][	0	][	0	][	69	][	0	]
[	0	][	92	][	0	][	132	][	0	]
[	3	][	0	][	123	][	0	][	0	]
[	0	][	91	][	61	][	0	][	145	]
============ Room: E1 Capacity: 350 ============
[	0	][	0	][	0	][	89	][	0	]
[	142	][	8	][	0	][	71	][	51	]
[	65	][	0	][	0	][	0	][	88	]
[	0	][	128	][	0	][	0	][	0	]
============ Room: E35 Capacity: 40 ============
[	138	][	38	][	117	][	139	][	37	]
[	0	][	0	][	0	][	0	][	6	]
[	0	][	0	][	0	][	0	][	75	]
[	99	][	77	][	93	][	0	][	133	]
============ Room: E36 Capacity: 40 ============
[	0	][	62	][	0	][	0	][	0	]
[	98	][	136	][	157	][	0	][	0	]
[	0	][	0	][	0	][	0	][	143	]
[	0	][	90	][	0	][	146	][	122	]
============ Room: F1 Capacity: 300 ============
[	64	][	68	][	72	][	140	][	1	]
[	0	][	141	][	116	][	42	][	0	]
[	129	][	2	][	0	][	24	][	0	]
[	0	][	0	][	18	][	36	][	60	]
============ Room: SPEL Capacity: 40 ============
[	83	][	150	][	0	][	14	][	0	]
[	0	][	0	][	67	][	109	][	41	]
[	0	][	104	][	0	][	0	][	153	]
[	0	][	0	][	124	][	149	][	108	]
============ Room: SPOR Capacity: 30 ============
[	54	][	110	][	0	][	0	][	111	]
[	0	][	66	][	0	][	0	][	22	]
[	105	][	81	][	0	][	48	][	0	]
[	9	][	0	][	52	][	0	][	0	]
============ Room: MUSI Capacity: 40 ============
[	0	][	0	][	155	][	56	][	0	]
[	23	][	49	][	101	][	0	][	0	]
[	40	][	0	][	102	][	35	][	0	]
[	86	][	0	][	12	][	45	][	0	]
============ Room: ROD Capacity: 30 ============
[	10	][	0	][	43	][	0	][	113	]
[	46	][	0	][	100	][	0	][	0	]
[	87	][	55	][	0	][	0	][	0	]
[	11	][	125	][	33	][	107	][	0	]
============ Room: ORA Capacity: 30 ============
[	58	][	127	][	0	][	0	][	0	]
[	39	][	0	][	0	][	0	][	85	]
[	84	][	82	][	0	][	0	][	0	]
[	0	][	59	][	0	][	151	][	0	]
============ Room: VIO Capacity: 40 ============
[	53	][	114	][	115	][	154	][	47	]
[	50	][	148	][	44	][	0	][	80	]
[	57	][	103	][	0	][	34	][	0	]
[	13	][	126	][	0	][	0	][	152	]
============ Room: GRA Capacity: 30 ============
[	0	][	0	][	0	][	15	][	0	]
[	0	][	20	][	0	][	0	][	112	]
[	0	][	0	][	0	][	16	][	21	]
[	19	][	0	][	0	][	106	][	0	]
