Number of slots: 320
Number of events: 159
Sparseness: 0.496875

Globalit: 11700
Fitness: -4	 Created: 22740
Time: 22740ms

Hard broken: 0
Time limit: 90000
Initialtemperature: 4.3
InitialIterations: 10
My value: -6.83E-4
Stuck limit: 2147483647
Desired fitness: -4

============ Room: D1 Capacity: 200 ============
[	42	][	120	][	135	][	0	][	0	]
[	0	][	8	][	78	][	0	][	134	]
[	88	][	60	][	0	][	89	][	142	]
[	0	][	0	][	0	][	0	][	0	]
============ Room: D2 Capacity: 50 ============
[	62	][	38	][	0	][	0	][	0	]
[	25	][	0	][	0	][	122	][	144	]
[	0	][	0	][	32	][	118	][	0	]
[	76	][	130	][	0	][	0	][	0	]
============ Room: D3 Capacity: 50 ============
[	97	][	0	][	0	][	0	][	145	]
[	96	][	0	][	146	][	123	][	0	]
[	0	][	159	][	0	][	143	][	74	]
[	139	][	61	][	6	][	0	][	0	]
============ Room: D45 Capacity: 40 ============
[	0	][	70	][	0	][	0	][	30	]
[	99	][	93	][	0	][	137	][	0	]
[	0	][	26	][	0	][	0	][	132	]
[	77	][	98	][	0	][	0	][	0	]
============ Room: D46 Capacity: 40 ============
[	31	][	158	][	0	][	0	][	0	]
[	0	][	69	][	37	][	0	][	5	]
[	117	][	0	][	0	][	7	][	0	]
[	0	][	0	][	0	][	121	][	3	]
============ Room: E1 Capacity: 350 ============
[	0	][	0	][	72	][	18	][	128	]
[	65	][	17	][	0	][	71	][	79	]
[	1	][	141	][	0	][	36	][	24	]
[	0	][	116	][	0	][	0	][	64	]
============ Room: E35 Capacity: 40 ============
[	157	][	73	][	0	][	0	][	91	]
[	75	][	90	][	0	][	28	][	0	]
[	29	][	0	][	0	][	0	][	0	]
[	63	][	95	][	0	][	94	][	133	]
============ Room: E36 Capacity: 40 ============
[	136	][	0	][	0	][	0	][	4	]
[	0	][	0	][	92	][	138	][	27	]
[	0	][	119	][	0	][	0	][	131	]
[	0	][	0	][	0	][	0	][	0	]
============ Room: F1 Capacity: 300 ============
[	0	][	2	][	0	][	0	][	0	]
[	140	][	0	][	0	][	0	][	0	]
[	51	][	0	][	129	][	0	][	68	]
[	156	][	0	][	0	][	147	][	0	]
============ Room: SPEL Capacity: 40 ============
[	0	][	0	][	0	][	0	][	0	]
[	0	][	86	][	0	][	0	][	0	]
[	41	][	113	][	110	][	0	][	0	]
[	103	][	0	][	0	][	84	][	0	]
============ Room: SPOR Capacity: 30 ============
[	0	][	22	][	0	][	56	][	0	]
[	34	][	59	][	16	][	0	][	0	]
[	0	][	33	][	0	][	0	][	0	]
[	35	][	49	][	0	][	0	][	87	]
============ Room: MUSI Capacity: 40 ============
[	0	][	0	][	0	][	0	][	0	]
[	126	][	82	][	155	][	0	][	58	]
[	0	][	83	][	0	][	0	][	54	]
[	104	][	10	][	111	][	67	][	0	]
============ Room: ROD Capacity: 30 ============
[	21	][	101	][	12	][	15	][	0	]
[	52	][	153	][	47	][	55	][	115	]
[	0	][	0	][	149	][	85	][	102	]
[	0	][	0	][	46	][	19	][	148	]
============ Room: ORA Capacity: 30 ============
[	0	][	0	][	0	][	0	][	44	]
[	0	][	0	][	0	][	108	][	53	]
[	0	][	66	][	0	][	0	][	105	]
[	23	][	0	][	109	][	0	][	106	]
============ Room: VIO Capacity: 40 ============
[	124	][	0	][	43	][	40	][	48	]
[	57	][	154	][	0	][	152	][	0	]
[	151	][	114	][	125	][	81	][	0	]
[	13	][	39	][	0	][	80	][	100	]
============ Room: GRA Capacity: 30 ============
[	9	][	0	][	107	][	0	][	45	]
[	0	][	0	][	14	][	0	][	150	]
[	0	][	11	][	112	][	0	][	0	]
[	0	][	20	][	127	][	50	][	0	]
