Number of slots: 320
Number of events: 159
Sparseness: 0.496875

Globalit: 3271
Fitness: -4	 Created: 6479
Time: 6481ms

Hard broken: 0
Time limit: 90000
Initialtemperature: 4.3
InitialIterations: 10
My value: -6.83E-4
Stuck limit: 2147483647
Desired fitness: -4

============ Room: D1 Capacity: 200 ============
[	0	][	156	][	0	][	65	][	0	]
[	0	][	8	][	0	][	147	][	135	]
[	142	][	0	][	0	][	36	][	64	]
[	134	][	89	][	0	][	120	][	0	]
============ Room: D2 Capacity: 50 ============
[	157	][	0	][	0	][	0	][	0	]
[	0	][	0	][	0	][	143	][	159	]
[	0	][	0	][	94	][	74	][	0	]
[	0	][	0	][	0	][	6	][	0	]
============ Room: D3 Capacity: 50 ============
[	0	][	0	][	0	][	90	][	0	]
[	99	][	139	][	0	][	122	][	0	]
[	0	][	130	][	92	][	27	][	0	]
[	0	][	0	][	0	][	0	][	0	]
============ Room: D45 Capacity: 40 ============
[	63	][	119	][	76	][	37	][	0	]
[	0	][	0	][	144	][	0	][	0	]
[	61	][	4	][	0	][	75	][	28	]
[	0	][	30	][	0	][	0	][	0	]
============ Room: D46 Capacity: 40 ============
[	0	][	7	][	0	][	0	][	0	]
[	121	][	158	][	118	][	0	][	0	]
[	0	][	31	][	0	][	123	][	93	]
[	5	][	0	][	0	][	0	][	137	]
============ Room: E1 Capacity: 350 ============
[	0	][	71	][	42	][	0	][	0	]
[	0	][	0	][	0	][	129	][	0	]
[	2	][	116	][	0	][	0	][	0	]
[	0	][	0	][	51	][	0	][	18	]
============ Room: E35 Capacity: 40 ============
[	0	][	131	][	133	][	0	][	77	]
[	95	][	138	][	29	][	0	][	69	]
[	91	][	0	][	0	][	0	][	0	]
[	62	][	117	][	32	][	97	][	136	]
============ Room: E36 Capacity: 40 ============
[	0	][	0	][	25	][	0	][	132	]
[	0	][	0	][	3	][	146	][	38	]
[	26	][	145	][	0	][	73	][	0	]
[	0	][	0	][	98	][	96	][	70	]
============ Room: F1 Capacity: 300 ============
[	1	][	68	][	141	][	0	][	88	]
[	0	][	60	][	72	][	24	][	0	]
[	78	][	17	][	140	][	0	][	128	]
[	0	][	0	][	0	][	0	][	79	]
============ Room: SPEL Capacity: 40 ============
[	0	][	22	][	149	][	0	][	0	]
[	13	][	0	][	40	][	9	][	101	]
[	0	][	0	][	0	][	66	][	152	]
[	102	][	59	][	0	][	0	][	108	]
============ Room: SPOR Capacity: 30 ============
[	80	][	53	][	124	][	0	][	0	]
[	0	][	125	][	151	][	41	][	105	]
[	153	][	0	][	21	][	113	][	0	]
[	104	][	16	][	127	][	0	][	0	]
============ Room: MUSI Capacity: 40 ============
[	100	][	0	][	35	][	0	][	49	]
[	23	][	115	][	112	][	0	][	0	]
[	126	][	85	][	81	][	43	][	39	]
[	0	][	150	][	0	][	44	][	0	]
============ Room: ROD Capacity: 30 ============
[	34	][	0	][	0	][	0	][	155	]
[	0	][	0	][	0	][	15	][	19	]
[	0	][	87	][	50	][	114	][	0	]
[	0	][	0	][	0	][	0	][	58	]
============ Room: ORA Capacity: 30 ============
[	0	][	0	][	0	][	14	][	20	]
[	0	][	33	][	52	][	107	][	84	]
[	0	][	110	][	0	][	10	][	0	]
[	0	][	0	][	0	][	0	][	148	]
============ Room: VIO Capacity: 40 ============
[	106	][	0	][	0	][	154	][	0	]
[	0	][	57	][	0	][	0	][	12	]
[	0	][	0	][	0	][	0	][	0	]
[	48	][	0	][	0	][	0	][	11	]
============ Room: GRA Capacity: 30 ============
[	86	][	109	][	0	][	0	][	67	]
[	83	][	55	][	111	][	0	][	0	]
[	47	][	0	][	46	][	0	][	82	]
[	103	][	56	][	0	][	45	][	54	]
