Number of slots: 240
Number of events: 115
Sparseness: 0.4791666666666667

Globalit: 1071 Generations: 410
Fitness: 0	 Created: 16546
Time: 16555ms

============ Room: D1 Capacity: 200 ============
[	79	][	8	][	0	][	0	][	0	]
[	17	][	0	][	0	][	78	][	0	]
[	0	][	0	][	0	][	0	][	51	]
[	0	][	65	][	0	][	60	][	18	]
============ Room: D2 Capacity: 50 ============
[	0	][	0	][	0	][	0	][	0	]
[	32	][	90	][	0	][	0	][	0	]
[	70	][	62	][	0	][	0	][	0	]
[	0	][	0	][	0	][	69	][	0	]
============ Room: D3 Capacity: 50 ============
[	0	][	0	][	0	][	0	][	0	]
[	0	][	0	][	98	][	7	][	0	]
[	31	][	29	][	97	][	0	][	0	]
[	99	][	0	][	0	][	94	][	0	]
============ Room: D45 Capacity: 40 ============
[	0	][	0	][	91	][	77	][	0	]
[	0	][	0	][	0	][	0	][	0	]
[	28	][	0	][	95	][	26	][	0	]
[	0	][	0	][	0	][	75	][	0	]
============ Room: D46 Capacity: 40 ============
[	63	][	0	][	0	][	0	][	0	]
[	0	][	0	][	0	][	96	][	27	]
[	0	][	76	][	3	][	0	][	0	]
[	4	][	0	][	0	][	30	][	0	]
============ Room: E1 Capacity: 350 ============
[	68	][	0	][	1	][	0	][	88	]
[	64	][	36	][	0	][	0	][	0	]
[	42	][	0	][	0	][	2	][	24	]
[	72	][	71	][	89	][	0	][	0	]
============ Room: E35 Capacity: 40 ============
[	0	][	93	][	92	][	38	][	0	]
[	74	][	73	][	0	][	61	][	6	]
[	0	][	0	][	0	][	0	][	0	]
[	5	][	25	][	0	][	0	][	37	]
============ Room: SPEL Capacity: 40 ============
[	0	][	0	][	55	][	0	][	33	]
[	0	][	0	][	0	][	0	][	0	]
[	109	][	107	][	50	][	34	][	0	]
[	0	][	9	][	0	][	48	][	44	]
============ Room: SPOR Capacity: 30 ============
[	0	][	82	][	67	][	108	][	0	]
[	52	][	57	][	14	][	35	][	40	]
[	10	][	0	][	20	][	111	][	0	]
[	21	][	104	][	11	][	43	][	100	]
============ Room: MUSI Capacity: 40 ============
[	114	][	49	][	80	][	0	][	0	]
[	102	][	0	][	53	][	23	][	110	]
[	0	][	12	][	45	][	81	][	112	]
[	59	][	101	][	0	][	0	][	13	]
============ Room: ROD Capacity: 30 ============
[	113	][	22	][	87	][	0	][	46	]
[	0	][	0	][	39	][	66	][	84	]
[	115	][	106	][	0	][	0	][	0	]
[	0	][	56	][	19	][	0	][	0	]
============ Room: ORA Capacity: 30 ============
[	16	][	0	][	83	][	0	][	0	]
[	105	][	0	][	54	][	0	][	58	]
[	0	][	103	][	85	][	47	][	86	]
[	0	][	41	][	15	][	0	][	0	]
