Number of slots: 240
Number of events: 115
Sparseness: 0.4791666666666667

Globalit: 762 Generations: 662
Fitness: 0	 Created: 16697
Time: 16703ms

============ Room: D1 Capacity: 200 ============
[	89	][	0	][	88	][	0	][	64	]
[	0	][	0	][	0	][	0	][	79	]
[	0	][	0	][	60	][	0	][	8	]
[	78	][	0	][	0	][	0	][	51	]
============ Room: D2 Capacity: 50 ============
[	61	][	0	][	0	][	0	][	0	]
[	0	][	70	][	0	][	0	][	0	]
[	0	][	0	][	0	][	0	][	0	]
[	0	][	5	][	99	][	76	][	95	]
============ Room: D3 Capacity: 50 ============
[	0	][	27	][	0	][	0	][	29	]
[	0	][	0	][	98	][	0	][	28	]
[	0	][	0	][	90	][	96	][	0	]
[	0	][	0	][	0	][	94	][	0	]
============ Room: D45 Capacity: 40 ============
[	0	][	4	][	0	][	0	][	30	]
[	0	][	0	][	0	][	0	][	0	]
[	0	][	25	][	91	][	3	][	93	]
[	0	][	0	][	0	][	37	][	32	]
============ Room: D46 Capacity: 40 ============
[	0	][	0	][	73	][	0	][	0	]
[	0	][	0	][	97	][	0	][	0	]
[	31	][	77	][	0	][	0	][	0	]
[	0	][	0	][	0	][	0	][	0	]
============ Room: E1 Capacity: 350 ============
[	0	][	68	][	0	][	65	][	0	]
[	72	][	2	][	1	][	71	][	42	]
[	0	][	0	][	0	][	0	][	24	]
[	0	][	17	][	36	][	0	][	18	]
============ Room: E35 Capacity: 40 ============
[	63	][	0	][	0	][	0	][	75	]
[	0	][	26	][	69	][	38	][	0	]
[	74	][	7	][	92	][	6	][	0	]
[	0	][	0	][	0	][	62	][	0	]
============ Room: SPEL Capacity: 40 ============
[	0	][	83	][	0	][	46	][	0	]
[	56	][	0	][	0	][	67	][	102	]
[	0	][	0	][	49	][	19	][	81	]
[	110	][	0	][	0	][	0	][	0	]
============ Room: SPOR Capacity: 30 ============
[	20	][	87	][	59	][	106	][	0	]
[	54	][	108	][	0	][	0	][	40	]
[	57	][	0	][	21	][	0	][	47	]
[	0	][	84	][	0	][	22	][	85	]
============ Room: MUSI Capacity: 40 ============
[	11	][	41	][	9	][	0	][	115	]
[	105	][	58	][	44	][	14	][	66	]
[	104	][	0	][	0	][	0	][	80	]
[	109	][	0	][	0	][	23	][	86	]
============ Room: ROD Capacity: 30 ============
[	39	][	82	][	0	][	15	][	43	]
[	53	][	113	][	0	][	114	][	16	]
[	107	][	55	][	10	][	33	][	0	]
[	0	][	101	][	0	][	0	][	0	]
============ Room: ORA Capacity: 30 ============
[	52	][	0	][	35	][	100	][	0	]
[	0	][	111	][	48	][	112	][	12	]
[	103	][	0	][	13	][	45	][	0	]
[	34	][	0	][	0	][	50	][	0	]
