Number of slots: 240
Number of events: 115
Sparseness: 0.4791666666666667

Globalit: 1853 Generations: 371
Fitness: 0	 Created: 24055
Time: 24060ms

============ Room: D1 Capacity: 200 ============
[	0	][	17	][	68	][	71	][	36	]
[	0	][	0	][	60	][	0	][	0	]
[	2	][	8	][	88	][	18	][	0	]
[	89	][	0	][	1	][	65	][	72	]
============ Room: D2 Capacity: 50 ============
[	90	][	0	][	0	][	0	][	0	]
[	0	][	0	][	99	][	69	][	0	]
[	25	][	0	][	77	][	0	][	5	]
[	38	][	0	][	97	][	0	][	0	]
============ Room: D3 Capacity: 50 ============
[	94	][	0	][	0	][	37	][	0	]
[	0	][	26	][	29	][	0	][	0	]
[	0	][	27	][	30	][	0	][	0	]
[	0	][	74	][	0	][	6	][	0	]
============ Room: D45 Capacity: 40 ============
[	92	][	98	][	4	][	0	][	0	]
[	0	][	0	][	0	][	0	][	75	]
[	0	][	0	][	73	][	95	][	61	]
[	0	][	0	][	0	][	0	][	3	]
============ Room: D46 Capacity: 40 ============
[	93	][	0	][	62	][	28	][	0	]
[	31	][	0	][	96	][	70	][	32	]
[	0	][	0	][	0	][	0	][	0	]
[	0	][	0	][	0	][	0	][	0	]
============ Room: E1 Capacity: 350 ============
[	0	][	0	][	0	][	0	][	78	]
[	0	][	0	][	0	][	51	][	0	]
[	0	][	0	][	64	][	0	][	24	]
[	0	][	0	][	0	][	79	][	42	]
============ Room: E35 Capacity: 40 ============
[	91	][	0	][	0	][	0	][	0	]
[	0	][	0	][	0	][	0	][	0	]
[	0	][	0	][	0	][	0	][	0	]
[	0	][	76	][	0	][	63	][	7	]
============ Room: SPEL Capacity: 40 ============
[	16	][	0	][	103	][	0	][	23	]
[	0	][	114	][	49	][	0	][	0	]
[	101	][	85	][	39	][	0	][	108	]
[	22	][	111	][	34	][	0	][	106	]
============ Room: SPOR Capacity: 30 ============
[	86	][	13	][	0	][	48	][	47	]
[	100	][	84	][	81	][	12	][	0	]
[	55	][	115	][	0	][	54	][	0	]
[	82	][	53	][	43	][	50	][	0	]
============ Room: MUSI Capacity: 40 ============
[	46	][	0	][	80	][	9	][	0	]
[	0	][	33	][	11	][	0	][	56	]
[	58	][	83	][	0	][	0	][	112	]
[	15	][	0	][	0	][	104	][	20	]
============ Room: ROD Capacity: 30 ============
[	0	][	59	][	105	][	0	][	109	]
[	0	][	0	][	0	][	0	][	10	]
[	0	][	87	][	41	][	0	][	0	]
[	0	][	0	][	0	][	0	][	107	]
============ Room: ORA Capacity: 30 ============
[	66	][	35	][	0	][	0	][	14	]
[	44	][	110	][	67	][	102	][	113	]
[	0	][	45	][	40	][	0	][	0	]
[	57	][	52	][	19	][	21	][	0	]
