Number of slots: 240
Number of events: 115
Sparseness: 0.4791666666666667

Generations: 6795
Fitness: -2	 Created: 12406
Time: 90002ms

============ Room: D1 Capacity: 200 ============
[	64	][	0	][	2	][	0	][	60	]
[	72	][	78	][	0	][	0	][	36	]
[	8	][	0	][	0	][	88	][	71	]
[	0	][	0	][	0	][	1	][	24	]
============ Room: D2 Capacity: 50 ============
[	0	][	0	][	28	][	0	][	0	]
[	0	][	5	][	0	][	99	][	76	]
[	69	][	75	][	0	][	61	][	0	]
[	77	][	0	][	0	][	0	][	0	]
============ Room: D3 Capacity: 50 ============
[	30	][	0	][	0	][	0	][	0	]
[	7	][	0	][	63	][	0	][	0	]
[	0	][	0	][	70	][	3	][	93	]
[	31	][	92	][	0	][	0	][	0	]
============ Room: D45 Capacity: 40 ============
[	0	][	0	][	32	][	97	][	0	]
[	0	][	0	][	0	][	0	][	0	]
[	0	][	0	][	62	][	0	][	37	]
[	96	][	0	][	6	][	38	][	73	]
============ Room: D46 Capacity: 40 ============
[	94	][	26	][	0	][	98	][	0	]
[	0	][	0	][	0	][	0	][	0	]
[	0	][	0	][	0	][	29	][	0	]
[	74	][	0	][	0	][	95	][	0	]
============ Room: E1 Capacity: 350 ============
[	0	][	0	][	0	][	0	][	0	]
[	65	][	0	][	0	][	17	][	0	]
[	42	][	89	][	51	][	79	][	0	]
[	68	][	18	][	0	][	0	][	0	]
============ Room: E35 Capacity: 40 ============
[	90	][	0	][	0	][	0	][	0	]
[	0	][	0	][	0	][	4	][	91	]
[	27	][	0	][	0	][	0	][	25	]
[	0	][	0	][	0	][	0	][	0	]
============ Room: SPEL Capacity: 40 ============
[	87	][	39	][	0	][	0	][	110	]
[	35	][	0	][	45	][	0	][	13	]
[	40	][	41	][	104	][	43	][	0	]
[	53	][	0	][	20	][	0	][	58	]
============ Room: SPOR Capacity: 30 ============
[	44	][	107	][	108	][	85	][	83	]
[	102	][	0	][	0	][	86	][	0	]
[	100	][	55	][	15	][	47	][	46	]
[	0	][	12	][	111	][	0	][	106	]
============ Room: MUSI Capacity: 40 ============
[	11	][	0	][	115	][	56	][	0	]
[	23	][	0	][	22	][	0	][	0	]
[	103	][	0	][	0	][	0	][	10	]
[	0	][	84	][	0	][	0	][	16	]
============ Room: ROD Capacity: 30 ============
[	0	][	0	][	112	][	0	][	59	]
[	101	][	50	][	0	][	49	][	0	]
[	0	][	52	][	33	][	34	][	0	]
[	9	][	82	][	113	][	0	][	14	]
============ Room: ORA Capacity: 30 ============
[	0	][	0	][	114	][	81	][	80	]
[	0	][	109	][	0	][	48	][	57	]
[	105	][	67	][	21	][	0	][	0	]
[	19	][	0	][	66	][	54	][	0	]
