Number of slots: 240
Number of events: 115
Sparseness: 0.4791666666666667

Generations: 6889
Fitness: -3	 Created: 11871
Time: 90003ms

============ Room: D1 Capacity: 200 ============
[	0	][	0	][	0	][	0	][	89	]
[	0	][	0	][	0	][	0	][	0	]
[	24	][	0	][	8	][	17	][	1	]
[	78	][	0	][	79	][	68	][	0	]
============ Room: D2 Capacity: 50 ============
[	0	][	37	][	0	][	0	][	0	]
[	0	][	0	][	0	][	0	][	0	]
[	0	][	0	][	0	][	0	][	0	]
[	0	][	0	][	61	][	30	][	0	]
============ Room: D3 Capacity: 50 ============
[	26	][	0	][	0	][	0	][	0	]
[	94	][	0	][	0	][	0	][	77	]
[	0	][	93	][	70	][	73	][	95	]
[	28	][	0	][	0	][	0	][	0	]
============ Room: D45 Capacity: 40 ============
[	0	][	0	][	74	][	0	][	25	]
[	0	][	98	][	99	][	0	][	0	]
[	0	][	69	][	62	][	0	][	0	]
[	92	][	32	][	0	][	5	][	0	]
============ Room: D46 Capacity: 40 ============
[	0	][	0	][	0	][	3	][	0	]
[	90	][	97	][	29	][	6	][	0	]
[	91	][	0	][	0	][	0	][	96	]
[	0	][	31	][	0	][	7	][	75	]
============ Room: E1 Capacity: 350 ============
[	65	][	0	][	51	][	0	][	0	]
[	42	][	64	][	72	][	0	][	0	]
[	0	][	2	][	18	][	36	][	0	]
[	0	][	0	][	88	][	71	][	60	]
============ Room: E35 Capacity: 40 ============
[	0	][	0	][	0	][	0	][	0	]
[	27	][	0	][	38	][	0	][	63	]
[	0	][	76	][	0	][	0	][	0	]
[	0	][	0	][	0	][	4	][	0	]
============ Room: SPEL Capacity: 40 ============
[	47	][	0	][	112	][	20	][	0	]
[	81	][	83	][	0	][	0	][	106	]
[	0	][	0	][	41	][	0	][	58	]
[	0	][	23	][	0	][	53	][	100	]
============ Room: SPOR Capacity: 30 ============
[	115	][	22	][	113	][	85	][	16	]
[	14	][	57	][	0	][	0	][	0	]
[	10	][	35	][	0	][	105	][	59	]
[	13	][	102	][	0	][	0	][	0	]
============ Room: MUSI Capacity: 40 ============
[	11	][	45	][	39	][	67	][	0	]
[	0	][	0	][	52	][	111	][	0	]
[	0	][	48	][	0	][	104	][	0	]
[	15	][	0	][	0	][	54	][	103	]
============ Room: ROD Capacity: 30 ============
[	80	][	108	][	110	][	44	][	87	]
[	0	][	33	][	0	][	86	][	0	]
[	43	][	0	][	50	][	0	][	0	]
[	0	][	101	][	40	][	0	][	107	]
============ Room: ORA Capacity: 30 ============
[	114	][	0	][	109	][	19	][	84	]
[	0	][	82	][	0	][	0	][	46	]
[	12	][	0	][	49	][	55	][	66	]
[	34	][	9	][	21	][	56	][	0	]
