Number of slots: 240
Number of events: 115
Sparseness: 0.4791666666666667

Globalit: 5799
Fitness: 0	 Created: 60355
Time: 60362ms

============ Room: D1 Capacity: 200 ============
[	0	][	51	][	0	][	89	][	88	]
[	0	][	0	][	0	][	24	][	0	]
[	42	][	0	][	0	][	0	][	0	]
[	0	][	68	][	0	][	65	][	64	]
============ Room: D2 Capacity: 50 ============
[	76	][	0	][	63	][	0	][	25	]
[	0	][	0	][	62	][	69	][	0	]
[	0	][	0	][	98	][	73	][	0	]
[	0	][	0	][	7	][	0	][	0	]
============ Room: D3 Capacity: 50 ============
[	0	][	0	][	0	][	77	][	31	]
[	0	][	0	][	90	][	74	][	0	]
[	0	][	0	][	0	][	61	][	0	]
[	27	][	6	][	26	][	29	][	91	]
============ Room: D45 Capacity: 40 ============
[	0	][	0	][	0	][	0	][	0	]
[	0	][	0	][	0	][	4	][	93	]
[	0	][	0	][	0	][	95	][	0	]
[	0	][	28	][	96	][	0	][	0	]
============ Room: D46 Capacity: 40 ============
[	0	][	37	][	0	][	0	][	0	]
[	30	][	0	][	0	][	70	][	92	]
[	3	][	0	][	5	][	97	][	0	]
[	0	][	0	][	99	][	0	][	0	]
============ Room: E1 Capacity: 350 ============
[	0	][	71	][	2	][	17	][	0	]
[	60	][	0	][	0	][	0	][	72	]
[	0	][	78	][	0	][	8	][	18	]
[	0	][	36	][	79	][	1	][	0	]
============ Room: E35 Capacity: 40 ============
[	0	][	0	][	0	][	0	][	32	]
[	75	][	0	][	94	][	0	][	0	]
[	0	][	0	][	0	][	0	][	0	]
[	38	][	0	][	0	][	0	][	0	]
============ Room: SPEL Capacity: 40 ============
[	19	][	110	][	0	][	0	][	55	]
[	113	][	0	][	59	][	104	][	0	]
[	23	][	108	][	0	][	0	][	0	]
[	103	][	0	][	0	][	0	][	21	]
============ Room: SPOR Capacity: 30 ============
[	39	][	111	][	41	][	58	][	0	]
[	112	][	0	][	84	][	43	][	0	]
[	66	][	48	][	52	][	0	][	14	]
[	0	][	80	][	33	][	0	][	0	]
============ Room: MUSI Capacity: 40 ============
[	0	][	0	][	115	][	0	][	0	]
[	56	][	106	][	0	][	0	][	13	]
[	82	][	10	][	0	][	0	][	0	]
[	81	][	0	][	45	][	0	][	15	]
============ Room: ROD Capacity: 30 ============
[	12	][	0	][	0	][	16	][	0	]
[	40	][	46	][	0	][	101	][	22	]
[	87	][	49	][	0	][	35	][	54	]
[	44	][	53	][	0	][	47	][	11	]
============ Room: ORA Capacity: 30 ============
[	9	][	0	][	67	][	0	][	57	]
[	109	][	20	][	0	][	0	][	50	]
[	105	][	114	][	85	][	34	][	107	]
[	100	][	102	][	0	][	86	][	83	]
