Number of slots: 240
Number of events: 115
Sparseness: 0.4791666666666667

Generations: 6859
Fitness: -2	 Created: 21095
Time: 90008ms

============ Room: D1 Capacity: 200 ============
[	0	][	0	][	17	][	65	][	78	]
[	8	][	24	][	36	][	89	][	0	]
[	0	][	0	][	42	][	18	][	0	]
[	0	][	51	][	88	][	0	][	2	]
============ Room: D2 Capacity: 50 ============
[	0	][	0	][	0	][	0	][	27	]
[	0	][	69	][	0	][	26	][	73	]
[	0	][	29	][	76	][	91	][	0	]
[	38	][	0	][	0	][	0	][	28	]
============ Room: D3 Capacity: 50 ============
[	0	][	0	][	0	][	31	][	0	]
[	0	][	75	][	0	][	0	][	0	]
[	0	][	30	][	32	][	77	][	0	]
[	4	][	0	][	0	][	0	][	0	]
============ Room: D45 Capacity: 40 ============
[	25	][	0	][	0	][	0	][	0	]
[	0	][	0	][	0	][	0	][	0	]
[	92	][	0	][	74	][	0	][	0	]
[	5	][	0	][	0	][	0	][	0	]
============ Room: D46 Capacity: 40 ============
[	70	][	3	][	95	][	0	][	0	]
[	93	][	0	][	97	][	7	][	96	]
[	94	][	0	][	0	][	90	][	0	]
[	0	][	99	][	0	][	0	][	0	]
============ Room: E1 Capacity: 350 ============
[	0	][	0	][	0	][	71	][	0	]
[	0	][	0	][	79	][	0	][	0	]
[	72	][	0	][	64	][	0	][	0	]
[	68	][	60	][	1	][	0	][	0	]
============ Room: E35 Capacity: 40 ============
[	0	][	0	][	98	][	0	][	0	]
[	63	][	0	][	0	][	0	][	0	]
[	0	][	61	][	0	][	0	][	0	]
[	6	][	0	][	37	][	62	][	0	]
============ Room: SPEL Capacity: 40 ============
[	0	][	106	][	0	][	45	][	59	]
[	0	][	0	][	21	][	47	][	57	]
[	14	][	0	][	105	][	0	][	0	]
[	85	][	86	][	53	][	48	][	0	]
============ Room: SPOR Capacity: 30 ============
[	83	][	34	][	82	][	112	][	12	]
[	0	][	43	][	10	][	84	][	0	]
[	0	][	80	][	0	][	16	][	11	]
[	0	][	0	][	0	][	0	][	0	]
============ Room: MUSI Capacity: 40 ============
[	114	][	56	][	81	][	111	][	41	]
[	87	][	101	][	46	][	44	][	0	]
[	55	][	40	][	0	][	0	][	0	]
[	103	][	0	][	54	][	113	][	50	]
============ Room: ROD Capacity: 30 ============
[	0	][	23	][	0	][	115	][	100	]
[	0	][	49	][	15	][	33	][	20	]
[	58	][	104	][	67	][	0	][	109	]
[	0	][	22	][	0	][	110	][	108	]
============ Room: ORA Capacity: 30 ============
[	0	][	66	][	39	][	0	][	102	]
[	0	][	0	][	0	][	0	][	19	]
[	0	][	107	][	13	][	0	][	35	]
[	52	][	0	][	0	][	9	][	0	]
