Number of slots: 240
Number of events: 115
Sparseness: 0.4791666666666667

Globalit: 976 Generations: 556
Fitness: 0	 Created: 17333
Time: 17342ms

============ Room: D1 Capacity: 200 ============
[	2	][	0	][	0	][	0	][	72	]
[	0	][	71	][	0	][	1	][	0	]
[	0	][	0	][	0	][	24	][	0	]
[	88	][	0	][	89	][	0	][	0	]
============ Room: D2 Capacity: 50 ============
[	70	][	63	][	0	][	0	][	0	]
[	0	][	0	][	0	][	0	][	31	]
[	96	][	0	][	0	][	0	][	0	]
[	77	][	97	][	38	][	7	][	0	]
============ Room: D3 Capacity: 50 ============
[	76	][	0	][	0	][	0	][	0	]
[	0	][	0	][	0	][	0	][	27	]
[	0	][	0	][	0	][	0	][	0	]
[	0	][	0	][	0	][	0	][	94	]
============ Room: D45 Capacity: 40 ============
[	0	][	0	][	30	][	74	][	29	]
[	0	][	0	][	0	][	92	][	0	]
[	0	][	32	][	93	][	0	][	62	]
[	5	][	98	][	0	][	0	][	90	]
============ Room: D46 Capacity: 40 ============
[	73	][	0	][	91	][	75	][	0	]
[	0	][	0	][	0	][	0	][	0	]
[	0	][	0	][	61	][	0	][	0	]
[	0	][	99	][	0	][	0	][	4	]
============ Room: E1 Capacity: 350 ============
[	36	][	0	][	0	][	60	][	0	]
[	0	][	65	][	42	][	0	][	0	]
[	0	][	78	][	8	][	0	][	68	]
[	18	][	64	][	17	][	79	][	51	]
============ Room: E35 Capacity: 40 ============
[	0	][	69	][	0	][	25	][	28	]
[	3	][	0	][	37	][	26	][	0	]
[	95	][	0	][	0	][	0	][	0	]
[	0	][	0	][	0	][	6	][	0	]
============ Room: SPEL Capacity: 40 ============
[	104	][	0	][	0	][	113	][	108	]
[	112	][	105	][	0	][	0	][	101	]
[	81	][	0	][	0	][	66	][	15	]
[	39	][	0	][	49	][	40	][	0	]
============ Room: SPOR Capacity: 30 ============
[	0	][	111	][	33	][	58	][	0	]
[	114	][	53	][	9	][	0	][	44	]
[	46	][	13	][	35	][	106	][	48	]
[	0	][	0	][	82	][	0	][	20	]
============ Room: MUSI Capacity: 40 ============
[	0	][	0	][	11	][	10	][	0	]
[	0	][	14	][	19	][	85	][	0	]
[	86	][	103	][	0	][	100	][	0	]
[	45	][	41	][	84	][	110	][	34	]
============ Room: ROD Capacity: 30 ============
[	0	][	0	][	57	][	0	][	109	]
[	55	][	59	][	115	][	0	][	0	]
[	0	][	102	][	50	][	0	][	22	]
[	0	][	87	][	80	][	52	][	0	]
============ Room: ORA Capacity: 30 ============
[	54	][	0	][	12	][	0	][	0	]
[	67	][	23	][	0	][	43	][	0	]
[	0	][	107	][	21	][	56	][	16	]
[	47	][	83	][	0	][	0	][	0	]
