Number of slots: 240
Number of events: 115
Sparseness: 0.4791666666666667

Globalit: 4542
Fitness: 0	 Created: 46650
Time: 46654ms

============ Room: D1 Capacity: 200 ============
[	0	][	0	][	0	][	79	][	8	]
[	78	][	51	][	0	][	0	][	71	]
[	2	][	0	][	65	][	0	][	0	]
[	0	][	1	][	72	][	0	][	64	]
============ Room: D2 Capacity: 50 ============
[	0	][	0	][	0	][	0	][	0	]
[	0	][	0	][	74	][	70	][	0	]
[	0	][	5	][	76	][	63	][	77	]
[	0	][	0	][	0	][	0	][	91	]
============ Room: D3 Capacity: 50 ============
[	0	][	0	][	0	][	0	][	0	]
[	93	][	0	][	0	][	0	][	6	]
[	37	][	97	][	0	][	0	][	95	]
[	0	][	0	][	0	][	0	][	0	]
============ Room: D45 Capacity: 40 ============
[	0	][	25	][	0	][	0	][	94	]
[	0	][	26	][	0	][	0	][	27	]
[	0	][	98	][	0	][	30	][	99	]
[	0	][	69	][	0	][	0	][	0	]
============ Room: D46 Capacity: 40 ============
[	0	][	90	][	31	][	0	][	38	]
[	92	][	0	][	32	][	0	][	0	]
[	73	][	0	][	0	][	75	][	0	]
[	0	][	0	][	28	][	0	][	0	]
============ Room: E1 Capacity: 350 ============
[	0	][	42	][	18	][	60	][	68	]
[	0	][	0	][	24	][	88	][	0	]
[	0	][	0	][	0	][	36	][	0	]
[	0	][	0	][	89	][	0	][	17	]
============ Room: E35 Capacity: 40 ============
[	0	][	0	][	0	][	29	][	0	]
[	0	][	4	][	7	][	0	][	0	]
[	62	][	0	][	0	][	61	][	96	]
[	0	][	0	][	3	][	0	][	0	]
============ Room: SPEL Capacity: 40 ============
[	54	][	0	][	107	][	106	][	0	]
[	0	][	83	][	0	][	0	][	0	]
[	52	][	0	][	100	][	0	][	10	]
[	21	][	113	][	0	][	46	][	0	]
============ Room: SPOR Capacity: 30 ============
[	14	][	0	][	12	][	0	][	45	]
[	33	][	87	][	0	][	9	][	0	]
[	56	][	84	][	0	][	53	][	22	]
[	66	][	0	][	0	][	15	][	0	]
============ Room: MUSI Capacity: 40 ============
[	102	][	67	][	104	][	103	][	80	]
[	0	][	0	][	0	][	58	][	112	]
[	0	][	85	][	23	][	0	][	0	]
[	50	][	110	][	39	][	0	][	57	]
============ Room: ROD Capacity: 30 ============
[	81	][	0	][	0	][	0	][	20	]
[	34	][	86	][	0	][	0	][	108	]
[	19	][	0	][	41	][	0	][	16	]
[	0	][	0	][	44	][	0	][	13	]
============ Room: ORA Capacity: 30 ============
[	105	][	11	][	0	][	101	][	49	]
[	48	][	82	][	109	][	0	][	115	]
[	0	][	40	][	55	][	59	][	43	]
[	0	][	111	][	47	][	114	][	35	]
