Number of slots: 240
Number of events: 115
Sparseness: 0.4791666666666667

Globalit: 4306
Fitness: 0	 Created: 44489
Time: 44493ms

============ Room: D1 Capacity: 200 ============
[	51	][	0	][	79	][	0	][	0	]
[	0	][	0	][	24	][	36	][	0	]
[	0	][	78	][	0	][	18	][	17	]
[	0	][	0	][	0	][	0	][	68	]
============ Room: D2 Capacity: 50 ============
[	0	][	27	][	26	][	32	][	0	]
[	94	][	0	][	0	][	0	][	0	]
[	38	][	0	][	0	][	0	][	99	]
[	0	][	0	][	0	][	74	][	0	]
============ Room: D3 Capacity: 50 ============
[	31	][	97	][	0	][	0	][	0	]
[	7	][	0	][	0	][	0	][	96	]
[	0	][	0	][	0	][	75	][	0	]
[	0	][	0	][	0	][	0	][	90	]
============ Room: D45 Capacity: 40 ============
[	0	][	62	][	69	][	0	][	0	]
[	0	][	0	][	0	][	0	][	73	]
[	37	][	5	][	28	][	0	][	98	]
[	0	][	0	][	91	][	76	][	30	]
============ Room: D46 Capacity: 40 ============
[	0	][	0	][	3	][	77	][	0	]
[	0	][	70	][	0	][	0	][	0	]
[	6	][	61	][	0	][	0	][	0	]
[	0	][	0	][	93	][	0	][	0	]
============ Room: E1 Capacity: 350 ============
[	71	][	2	][	89	][	0	][	72	]
[	64	][	0	][	65	][	1	][	0	]
[	88	][	42	][	60	][	0	][	0	]
[	0	][	0	][	0	][	8	][	0	]
============ Room: E35 Capacity: 40 ============
[	0	][	0	][	0	][	0	][	25	]
[	0	][	92	][	0	][	0	][	0	]
[	4	][	29	][	0	][	63	][	95	]
[	0	][	0	][	0	][	0	][	0	]
============ Room: SPEL Capacity: 40 ============
[	105	][	0	][	0	][	43	][	58	]
[	0	][	80	][	108	][	50	][	23	]
[	84	][	0	][	102	][	39	][	15	]
[	19	][	114	][	48	][	59	][	0	]
============ Room: SPOR Capacity: 30 ============
[	0	][	81	][	0	][	103	][	107	]
[	34	][	0	][	113	][	66	][	9	]
[	0	][	40	][	53	][	110	][	56	]
[	0	][	0	][	0	][	57	][	0	]
============ Room: MUSI Capacity: 40 ============
[	20	][	67	][	0	][	100	][	0	]
[	85	][	0	][	0	][	21	][	0	]
[	22	][	109	][	0	][	0	][	0	]
[	14	][	16	][	12	][	101	][	0	]
============ Room: ROD Capacity: 30 ============
[	106	][	49	][	54	][	0	][	52	]
[	0	][	0	][	13	][	47	][	0	]
[	0	][	0	][	104	][	111	][	83	]
[	115	][	112	][	87	][	0	][	0	]
============ Room: ORA Capacity: 30 ============
[	10	][	0	][	0	][	0	][	55	]
[	86	][	0	][	0	][	0	][	11	]
[	0	][	0	][	41	][	45	][	33	]
[	44	][	35	][	46	][	0	][	82	]
