Number of slots: 240
Number of events: 115
Sparseness: 0.4791666666666667

Generations: 6898
Fitness: -3	 Created: 12914
Time: 90007ms

============ Room: D1 Capacity: 200 ============
[	0	][	1	][	51	][	0	][	0	]
[	64	][	0	][	0	][	72	][	78	]
[	60	][	17	][	0	][	0	][	0	]
[	65	][	0	][	42	][	36	][	0	]
============ Room: D2 Capacity: 50 ============
[	0	][	0	][	75	][	0	][	29	]
[	0	][	7	][	95	][	30	][	61	]
[	0	][	0	][	74	][	0	][	91	]
[	99	][	0	][	26	][	0	][	0	]
============ Room: D3 Capacity: 50 ============
[	0	][	0	][	0	][	93	][	28	]
[	0	][	0	][	0	][	0	][	0	]
[	0	][	0	][	27	][	0	][	0	]
[	96	][	0	][	0	][	0	][	0	]
============ Room: D45 Capacity: 40 ============
[	4	][	0	][	77	][	0	][	0	]
[	0	][	0	][	70	][	32	][	0	]
[	0	][	97	][	0	][	98	][	92	]
[	62	][	0	][	25	][	3	][	0	]
============ Room: D46 Capacity: 40 ============
[	0	][	0	][	0	][	0	][	0	]
[	0	][	0	][	69	][	0	][	0	]
[	0	][	38	][	0	][	0	][	0	]
[	0	][	0	][	76	][	5	][	0	]
============ Room: E1 Capacity: 350 ============
[	68	][	88	][	0	][	0	][	0	]
[	0	][	79	][	8	][	0	][	0	]
[	71	][	0	][	0	][	0	][	18	]
[	0	][	0	][	2	][	24	][	89	]
============ Room: E35 Capacity: 40 ============
[	0	][	0	][	73	][	0	][	63	]
[	0	][	31	][	0	][	0	][	90	]
[	0	][	0	][	0	][	0	][	94	]
[	37	][	0	][	0	][	0	][	6	]
============ Room: SPEL Capacity: 40 ============
[	110	][	33	][	11	][	0	][	0	]
[	0	][	53	][	0	][	45	][	0	]
[	0	][	0	][	0	][	80	][	0	]
[	0	][	0	][	106	][	101	][	50	]
============ Room: SPOR Capacity: 30 ============
[	112	][	87	][	0	][	66	][	0	]
[	113	][	109	][	81	][	46	][	52	]
[	115	][	14	][	0	][	40	][	0	]
[	47	][	0	][	103	][	0	][	0	]
============ Room: MUSI Capacity: 40 ============
[	20	][	83	][	107	][	13	][	43	]
[	15	][	67	][	41	][	0	][	21	]
[	55	][	82	][	104	][	22	][	12	]
[	84	][	108	][	34	][	0	][	0	]
============ Room: ROD Capacity: 30 ============
[	56	][	85	][	9	][	48	][	0	]
[	57	][	0	][	0	][	0	][	59	]
[	19	][	0	][	54	][	0	][	58	]
[	16	][	39	][	0	][	100	][	0	]
============ Room: ORA Capacity: 30 ============
[	114	][	0	][	10	][	44	][	102	]
[	35	][	0	][	86	][	105	][	0	]
[	23	][	0	][	0	][	49	][	0	]
[	0	][	111	][	0	][	0	][	0	]
