Number of slots: 240
Number of events: 115
Sparseness: 0.4791666666666667

Globalit: 5871
Fitness: 0	 Created: 60754
Time: 60762ms

============ Room: D1 Capacity: 200 ============
[	71	][	0	][	18	][	8	][	2	]
[	17	][	60	][	72	][	0	][	0	]
[	0	][	64	][	68	][	0	][	0	]
[	24	][	1	][	0	][	42	][	0	]
============ Room: D2 Capacity: 50 ============
[	0	][	0	][	0	][	91	][	93	]
[	95	][	26	][	0	][	0	][	0	]
[	0	][	32	][	0	][	0	][	0	]
[	0	][	0	][	75	][	0	][	0	]
============ Room: D3 Capacity: 50 ============
[	0	][	99	][	0	][	92	][	0	]
[	96	][	0	][	0	][	29	][	0	]
[	94	][	28	][	0	][	0	][	0	]
[	0	][	27	][	5	][	0	][	37	]
============ Room: D45 Capacity: 40 ============
[	0	][	0	][	0	][	62	][	0	]
[	98	][	0	][	7	][	0	][	0	]
[	0	][	4	][	0	][	0	][	0	]
[	0	][	0	][	77	][	73	][	0	]
============ Room: D46 Capacity: 40 ============
[	0	][	25	][	0	][	0	][	0	]
[	61	][	0	][	0	][	70	][	38	]
[	0	][	0	][	90	][	3	][	0	]
[	69	][	0	][	0	][	0	][	0	]
============ Room: E1 Capacity: 350 ============
[	65	][	79	][	0	][	0	][	0	]
[	0	][	0	][	0	][	78	][	51	]
[	0	][	0	][	0	][	0	][	36	]
[	0	][	0	][	0	][	89	][	88	]
============ Room: E35 Capacity: 40 ============
[	0	][	97	][	63	][	0	][	0	]
[	0	][	0	][	31	][	30	][	6	]
[	0	][	0	][	0	][	0	][	0	]
[	74	][	0	][	76	][	0	][	0	]
============ Room: SPEL Capacity: 40 ============
[	35	][	55	][	67	][	45	][	23	]
[	0	][	102	][	115	][	107	][	114	]
[	50	][	43	][	58	][	0	][	106	]
[	52	][	0	][	48	][	0	][	85	]
============ Room: SPOR Capacity: 30 ============
[	11	][	0	][	57	][	0	][	83	]
[	0	][	101	][	0	][	104	][	0	]
[	0	][	0	][	0	][	0	][	20	]
[	41	][	113	][	0	][	16	][	10	]
============ Room: MUSI Capacity: 40 ============
[	0	][	39	][	105	][	66	][	59	]
[	12	][	47	][	0	][	103	][	0	]
[	0	][	0	][	82	][	19	][	21	]
[	14	][	84	][	0	][	40	][	0	]
============ Room: ROD Capacity: 30 ============
[	0	][	13	][	0	][	33	][	0	]
[	9	][	44	][	0	][	100	][	0	]
[	86	][	0	][	56	][	81	][	46	]
[	108	][	111	][	109	][	0	][	0	]
============ Room: ORA Capacity: 30 ============
[	15	][	0	][	87	][	0	][	0	]
[	0	][	0	][	112	][	0	][	22	]
[	0	][	80	][	53	][	54	][	0	]
[	110	][	49	][	34	][	0	][	0	]
