Number of slots: 240
Number of events: 115
Sparseness: 0.4791666666666667

Globalit: 31 Generations: 484
Fitness: 0	 Created: 6722
Time: 6728ms

============ Room: D1 Capacity: 200 ============
[	60	][	79	][	78	][	17	][	0	]
[	0	][	0	][	0	][	42	][	0	]
[	18	][	8	][	0	][	0	][	51	]
[	36	][	24	][	0	][	64	][	0	]
============ Room: D2 Capacity: 50 ============
[	30	][	4	][	0	][	0	][	91	]
[	0	][	0	][	0	][	95	][	99	]
[	0	][	0	][	0	][	0	][	0	]
[	25	][	0	][	0	][	0	][	0	]
============ Room: D3 Capacity: 50 ============
[	0	][	0	][	0	][	0	][	0	]
[	63	][	0	][	0	][	96	][	29	]
[	0	][	73	][	0	][	0	][	70	]
[	0	][	32	][	0	][	0	][	27	]
============ Room: D45 Capacity: 40 ============
[	0	][	0	][	0	][	0	][	93	]
[	0	][	0	][	0	][	0	][	28	]
[	0	][	0	][	0	][	92	][	0	]
[	0	][	0	][	3	][	38	][	37	]
============ Room: D46 Capacity: 40 ============
[	0	][	0	][	0	][	0	][	0	]
[	61	][	0	][	62	][	97	][	75	]
[	0	][	76	][	0	][	0	][	90	]
[	0	][	0	][	26	][	0	][	0	]
============ Room: E1 Capacity: 350 ============
[	71	][	0	][	0	][	0	][	2	]
[	0	][	89	][	88	][	1	][	65	]
[	0	][	68	][	0	][	0	][	0	]
[	0	][	72	][	0	][	0	][	0	]
============ Room: E35 Capacity: 40 ============
[	7	][	0	][	31	][	77	][	94	]
[	0	][	0	][	0	][	74	][	0	]
[	0	][	0	][	0	][	5	][	6	]
[	69	][	0	][	0	][	0	][	98	]
============ Room: SPEL Capacity: 40 ============
[	0	][	0	][	13	][	33	][	0	]
[	39	][	0	][	58	][	21	][	0	]
[	0	][	0	][	115	][	46	][	0	]
[	106	][	0	][	57	][	0	][	14	]
============ Room: SPOR Capacity: 30 ============
[	100	][	0	][	0	][	0	][	52	]
[	0	][	47	][	9	][	0	][	0	]
[	111	][	34	][	16	][	41	][	83	]
[	0	][	0	][	102	][	87	][	43	]
============ Room: MUSI Capacity: 40 ============
[	35	][	54	][	0	][	109	][	40	]
[	0	][	0	][	0	][	22	][	15	]
[	50	][	45	][	110	][	0	][	0	]
[	44	][	53	][	0	][	84	][	82	]
============ Room: ROD Capacity: 30 ============
[	0	][	103	][	113	][	10	][	56	]
[	114	][	67	][	0	][	0	][	12	]
[	0	][	105	][	20	][	0	][	0	]
[	104	][	101	][	81	][	108	][	0	]
============ Room: ORA Capacity: 30 ============
[	0	][	66	][	112	][	0	][	0	]
[	0	][	80	][	55	][	23	][	49	]
[	0	][	107	][	85	][	0	][	0	]
[	11	][	59	][	86	][	19	][	48	]
