Number of slots: 240
Number of events: 115
Sparseness: 0.4791666666666667

Globalit: 2626 Generations: 765
Fitness: 0	 Created: 36908
Time: 36917ms

============ Room: D1 Capacity: 200 ============
[	0	][	0	][	51	][	72	][	89	]
[	64	][	88	][	0	][	0	][	65	]
[	0	][	0	][	0	][	0	][	0	]
[	71	][	1	][	0	][	0	][	2	]
============ Room: D2 Capacity: 50 ============
[	97	][	0	][	0	][	27	][	0	]
[	0	][	0	][	4	][	0	][	0	]
[	0	][	93	][	5	][	0	][	0	]
[	0	][	0	][	0	][	3	][	0	]
============ Room: D3 Capacity: 50 ============
[	26	][	0	][	0	][	0	][	0	]
[	0	][	0	][	0	][	0	][	6	]
[	0	][	0	][	0	][	0	][	69	]
[	38	][	0	][	0	][	0	][	0	]
============ Room: D45 Capacity: 40 ============
[	0	][	0	][	96	][	0	][	0	]
[	94	][	0	][	0	][	0	][	0	]
[	28	][	29	][	30	][	0	][	32	]
[	0	][	75	][	61	][	0	][	90	]
============ Room: D46 Capacity: 40 ============
[	95	][	0	][	0	][	37	][	0	]
[	0	][	0	][	0	][	0	][	31	]
[	0	][	70	][	73	][	25	][	0	]
[	91	][	0	][	76	][	7	][	0	]
============ Room: E1 Capacity: 350 ============
[	36	][	0	][	0	][	0	][	79	]
[	78	][	0	][	18	][	17	][	24	]
[	42	][	0	][	0	][	60	][	8	]
[	0	][	68	][	0	][	0	][	0	]
============ Room: E35 Capacity: 40 ============
[	98	][	0	][	0	][	99	][	0	]
[	92	][	0	][	0	][	0	][	0	]
[	0	][	62	][	0	][	77	][	0	]
[	0	][	74	][	0	][	0	][	63	]
============ Room: SPEL Capacity: 40 ============
[	0	][	0	][	12	][	0	][	0	]
[	0	][	0	][	0	][	108	][	58	]
[	87	][	0	][	0	][	0	][	0	]
[	0	][	0	][	50	][	0	][	21	]
============ Room: SPOR Capacity: 30 ============
[	85	][	52	][	11	][	67	][	9	]
[	59	][	22	][	0	][	0	][	83	]
[	0	][	43	][	45	][	110	][	0	]
[	23	][	53	][	15	][	49	][	0	]
============ Room: MUSI Capacity: 40 ============
[	0	][	109	][	40	][	46	][	13	]
[	0	][	0	][	0	][	115	][	100	]
[	0	][	0	][	0	][	35	][	113	]
[	57	][	101	][	0	][	103	][	86	]
============ Room: ROD Capacity: 30 ============
[	0	][	0	][	81	][	66	][	16	]
[	19	][	56	][	0	][	0	][	0	]
[	106	][	84	][	34	][	0	][	111	]
[	0	][	105	][	102	][	0	][	0	]
============ Room: ORA Capacity: 30 ============
[	47	][	39	][	0	][	10	][	48	]
[	14	][	0	][	33	][	112	][	104	]
[	41	][	44	][	107	][	114	][	80	]
[	54	][	55	][	0	][	82	][	20	]
